1,0
2,3
3,0
4,0
5,0
6,0
8,0
9,2
10,3
12,0
13,0
14,0
15,0
16,0
19,0
20,3
21,0
22,0
23,0
25,0
26,3
29,0
30,3
31,2
32,0
34,0
35,0
36,0
37,0
38,0
39,0
40,0
41,0
42,0
43,0
44,1
47,0
48,0
49,0
50,0
52,0
53,0
54,0
55,0
56,2
58,0
60,0
61,0
62,0
63,2
64,0
66,0
67,0
68,0
69,0
70,0
71,0
72,0
81,2
82,2
85,3
89,0
90,2
92,2
94,0
95,3
100,2
101,1
104,2
107,1
108,2
110,0
111,1
112,1
113,3
116,2
117,0
120,2
121,0
122,3
129,3
130,2
134,2
135,1
136,0
142,2
145,3
147,1
149,0
150,1
151,1
152,3
153,0
154,2
155,1
159,1
160,0
161,1
162,0
164,0
166,3
168,2
170,1
171,0
172,1
174,3
175,3
178,2
180,0
181,2
182,3
183,1
186,2
187,0
188,2
189,3
194,3
195,1
198,2
199,0
210,2
213,0
214,1
217,0
218,3
220,3
221,0
223,2
224,2
226,3
227,2
228,2
234,0
239,3
241,1
243,0
245,0
247,1
248,1
250,2
251,1
253,3
257,3
258,3
262,1
264,1
265,0
266,3
271,3
281,0
282,0
283,3
288,1
289,1
291,3
292,3
293,3
299,3
302,0
305,2
311,1
315,1
318,3
322,2
324,3
325,1
326,0
327,2
329,2
330,3
332,1
336,0
339,2
343,0
347,3
348,0
351,2
354,3
355,2
359,2
366,0
368,2
371,3
373,0
375,3
376,3
377,2
378,3
379,0
386,3
387,0
388,0
389,3
390,2
392,3
399,1
401,2
405,2
411,1
412,1
413,3
414,1
421,2
423,2
424,3
425,1
430,3
436,1
437,0
438,0
439,3
453,0
458,0
460,2
461,0
463,3
464,0
467,3
473,2
474,3
475,2
481,0
485,1
489,1
490,0
491,0
495,2
496,0
499,0
500,2
502,2
503,3
504,0
507,2
508,0
511,2
512,2
514,1
515,2
518,0
521,3
526,1
529,1
532,1
533,2
538,0
541,0
543,3
545,3
546,2
547,2
548,0
549,2
550,1
551,3
553,2
555,2
559,3
561,0
562,0
563,2
565,0
566,3
570,3
571,0
573,3
575,1
578,2
585,0
587,2
588,3
589,0
592,0
596,1
598,3
599,3
603,1
604,2
606,1
609,0
610,2
612,0
613,3
614,0
619,0
621,3
626,0
627,3
628,3
630,2
631,0
632,2
633,0
634,3
635,0
636,0
637,2
639,3
642,1
646,1
647,0
649,0
650,2
651,3
654,3
655,3
656,0
659,2
661,1
670,0
671,3
672,2
673,3
675,0
676,1
677,2
681,2
682,1
683,2
684,3
689,1
692,0
696,3
697,1
701,3
702,2
703,1
705,0
707,2
708,2
711,0
712,0
713,2
715,2
720,3
727,2
731,0
733,3
734,3
738,2
740,1
741,0
743,0
745,0
746,1
748,2
749,0
750,3
752,0
753,1
757,2
762,1
763,1
765,1
768,2
770,0
771,1
774,2
776,0
777,0
783,0
784,0
786,1
790,1
793,2
796,0
798,3
799,3
800,3
805,2
806,1
808,3
811,1
813,1
814,0
822,0
825,3
830,3
831,2
834,2
835,3
840,2
843,3
848,2
851,2
853,1
854,3
857,2
858,1
859,3
860,0
864,2
865,2
866,0
870,2
871,3
873,2
874,0
876,0
879,2
883,2
886,3
893,3
896,2
897,2
900,2
905,2
914,1
915,0
916,2
917,2
919,2
923,1
924,1
927,0
928,3
933,2
934,2
941,1
950,1
951,3
957,3
958,1
961,1
967,0
968,1
969,0
972,3
973,0
974,2
980,0
982,0
987,0
996,0
997,1
998,0
999,0
1006,2
1008,0
1009,3
1012,3
1013,0
1021,1
1026,2
1028,3
1029,2
1030,0
1032,3
1036,2
1037,0
1044,3
1045,2
1048,3
1049,1
1050,0
1052,0
1053,1
1054,0
1055,1
1058,2
1060,1
1063,2
1064,0
1065,1
1066,0
1067,2
1069,2
1071,1
1073,1
1074,1
1083,1
1086,3
1088,3
1092,0
1095,3
1098,3
1100,2
1105,2
1109,0
1110,0
1113,1
1114,1
1120,3
1121,0
1124,3
1131,1
1133,3
1134,0
1135,2
1139,0
1140,2
1145,2
1148,3
1151,0
1153,3
1155,3
1158,3
1159,0
1161,3
1163,1
1165,3
1166,3
1169,3
1172,3
1174,3
1175,1
1178,1
1182,3
1183,1
1188,2
1189,2
1190,1
1192,3
1195,1
1197,1
1200,0
1201,3
1202,0
1203,1
1206,2
1207,0
1212,3
1214,0
1216,3
1217,2
1219,0
1224,2
1227,3
1229,0
1234,3
1236,2
1239,1
1246,3
1249,0
1255,1
1258,3
1259,0
1264,2
1265,0
1275,2
1276,3
1278,1
1283,0
1285,0
1290,3
1291,3
1292,1
1294,0
1295,0
1296,3
1301,2
1305,0
1306,3
1309,0
1311,2
1312,0
1315,2
1317,3
1318,0
1319,0
1323,2
1325,2
1328,3
1329,0
1332,2
1334,2
1336,1
1339,0
1342,0
1343,0
1347,1
1348,3
1351,1
1354,3
1365,2
1369,1
1371,3
1376,2
1378,3
1379,1
1380,3
1381,2
1384,2
1386,3
1387,1
1388,2
1389,2
1394,0
1400,2
1402,2
1405,3
1407,1
1413,2
1417,0
1418,2
1420,0
1422,0
1425,3
1427,2
1429,0
1431,2
1434,0
1436,0
1437,1
1438,1
1439,2
1442,2
1443,1
1446,2
1450,0
1453,0
1455,1
1456,0
1459,3
1460,2
1464,2
1465,0
1469,2
1473,2
1474,3
1475,2
1476,3
1482,0
1489,2
1492,2
1495,3
1499,0
1500,0
1501,0
1502,0
1503,0
1504,0
1505,2
1506,0
1507,0
1508,2
1509,0
1511,0
1512,0
1513,0
1516,0
1517,0
1518,0
1520,2
1521,0
1522,0
1523,0
1524,0
1525,0
1526,0
1527,3
1528,3
1529,3
1530,0
1531,0
1532,0
1533,0
1534,1
1535,0
1538,0
1539,2
1540,2
1543,1
1545,3
1546,3
1549,2
1551,2
1552,0
1555,2
1556,0
1560,0
1562,3
1564,3
1566,0
1571,3
1573,3
1575,0
1577,2
1580,3
1581,1
1582,2
1584,2
1585,3
1586,3
1588,1
1589,0
1590,0
1592,0
1595,1
1598,3
1611,2
1612,2
1617,0
1619,3
1620,0
1622,0
1623,3
1626,2
1627,0
1631,1
1633,1
1636,2
1638,3
1639,0
1640,3
1641,0
1642,3
1646,2
1653,1
1655,2
1660,3
1661,3
1662,2
1663,0
1673,1
1675,1
1677,1
1678,1
1681,0
1684,1
1685,0
1686,2
1687,2
1688,3
1690,0
1692,0
1694,2
1696,1
1698,1
1699,0
1701,3
1703,3
1705,1
1708,3
1710,0
1714,2
1715,2
1723,1
1725,3
1728,1
1729,0
1730,2
1732,0
1733,3
1736,0
1737,0
1739,2
1740,0
1744,3
1750,3
1751,1
1752,0
1758,2
1759,1
1760,1
1765,1
1766,1
1768,3
1769,2
1771,3
1772,2
1775,0
1779,1
1781,2
1782,0
1783,3
1792,1
1793,1
1795,3
1798,3
1800,3
1801,1
1804,2
1806,3
1807,3
1808,3
1809,2
1811,3
1813,2
1816,2
1819,1
1821,1
1822,0
1826,0
1827,0
1830,3
1833,2
1835,3
1842,1
1843,3
1850,0
1851,3
1862,0
1863,2
1864,3
1865,0
1868,0
1872,1
1873,1
1874,1
1876,1
1880,3
1882,0
1887,3
1888,0
1892,2
1893,3
1895,0
1896,1
1900,2
1901,2
1903,3
1908,0
1912,3
1918,3
1920,0
1922,1
1926,1
1927,0
1936,2
1938,1
1948,0
1958,1
1961,1
1963,0
1967,1
1970,0
1974,1
1978,0
1982,2
1983,0
1986,2
1997,3
1999,2
2002,1
2003,2
2005,0
2008,1
2009,3
2010,2
2011,1
2012,0
2015,2
2016,1
2017,3
2022,3
2023,1
2027,1
2028,3
2029,0
2030,2
2032,0
2033,1
2037,2
2038,1
2039,1
2040,2
2041,0
2045,0
2046,3
2047,0
2048,2
2050,0
2052,0
2055,3
2057,3
2059,3
2064,2
2065,1
2066,3
2070,3
2071,0
2074,2
2076,3
2078,1
2079,0
2081,1
2082,3
2084,1
2087,0
2089,2
2092,1
2094,3
2095,3
2098,2
2102,1
2107,3
2111,0
2114,3
2116,0
2118,2
2119,1
2120,3
2121,3
2122,2
2123,3
2124,1
2125,0
2130,1
2132,3
2133,1
2138,1
2149,2
2150,2
2158,0
2162,0
2167,0
2169,0
2171,0
2172,3
2176,2
2185,1
2187,0
2188,1
2190,0
2191,3
2192,3
2195,0
2198,0
2199,1
2200,0
2201,0
2205,2
2207,0
2209,0
2210,0
2215,1
2217,3
2218,3
2220,2
2221,3
2222,2
2223,3
2228,1
2231,2
2233,3
2234,1
2235,0
2237,2
2242,0
2243,0
2244,0
2246,3
2248,3
2250,1
2251,3
2252,2
2253,2
2256,3
2257,3
2258,0
2261,3
2263,3
2265,2
2266,2
2269,2
2279,2
2282,0
2289,3
2291,1
2292,0
2296,2
2299,2
2302,1
2303,0
2308,0
2314,2
2317,2
2318,2
2319,1
2320,1
2321,1
2322,0
2323,2
2325,0
2326,0
2327,0
2328,0
2331,0
2332,3
2333,0
2336,0
2337,0
2338,2
2339,0
2340,2
2341,0
2344,1
2346,0
2347,0
2349,2
2353,0
2354,0
2355,0
2356,0
2357,0
2358,0
2359,0
2360,0
2362,0
2363,0
2366,0
2371,2
2373,3
2378,2
2379,2
2389,0
2390,1
2393,0
2394,2
2396,1
2398,0
2399,1
2400,0
2402,3
2403,0
2404,1
2407,2
2409,2
2411,3
2414,2
2416,0
2417,2
2420,2
2426,1
2438,2
2439,2
2441,3
2442,2
2444,3
2447,1
2448,3
2451,2
2453,3
2454,2
2456,3
2457,3
2460,3
2462,1
2464,3
2467,0
2468,2
2469,2
2478,1
2480,2
2489,0
2492,2
2495,3
2498,3
2500,0
2502,2
2505,0
2507,2
2512,3
2513,3
2514,0
2515,1
2518,3
2519,3
2529,3
2535,2
2537,1
2539,0
2546,3
2547,3
2549,3
2550,1
2552,1
2555,2
2556,2
2558,3
2563,3
2564,2
2565,3
2568,2
2570,0
2571,2
2572,1
2574,3
2575,1
2576,2
2580,0
2584,3
2585,1
2586,2
2590,1
2591,3
2594,3
2598,3
2608,3
2612,2
2614,3
2615,3
2617,3
2618,2
2619,1
2620,0
2621,0
2622,0
2623,1
2625,0
2626,0
2627,2
2629,0
2630,0
2633,3
2636,3
2638,3
2641,3
2643,3
2644,3
2647,2
2648,0
2650,3
2651,3
2655,0
2656,2
2657,3
2668,3
2670,2
2674,0
2676,0
2679,3
2683,1
2685,2
2688,0
2692,2
2693,1
2694,3
2696,0
2703,3
2711,3
2723,2
2732,1
2734,0
2738,2
2741,2
2742,2
2746,3
2747,3
2749,3
2751,3
2753,1
2755,0
2760,0
2761,2
2762,2
2763,3
2764,0
2768,0
2769,2
2770,1
2773,0
2775,3
2780,1
2781,2
2783,3
2787,3
2788,0
2789,1
2790,2
2791,0
2792,3
2797,3
2798,3
2802,0
2803,1
2804,2
2807,2
2808,2
2809,3
2825,0
2826,1
2830,3
2833,0
2835,2
2836,2
2837,3
2838,3
2839,3
2840,2
2851,1
2852,1
2857,3
2863,1
2864,0
2866,1
2871,0
2877,2
2878,2
2883,2
2891,1
2893,2
2894,0
2895,0
2896,2
2897,0
2898,0
2908,2
2911,2
2917,3
2921,1
2923,1
2924,0
2925,3
2926,1
2927,2
2930,2
2933,3
2934,0
2935,0
2938,0
2939,0
2941,2
2942,0
2943,2
2945,3
2948,1
2949,1
2955,3
2958,3
2963,2
2967,3
2968,1
2970,1
2972,1
2973,2
2976,0
2981,0
2983,0
2984,0
2988,1
2990,0
2994,1
2996,2
2997,2
2999,0
3000,0
3001,3
3003,0
3007,0
3013,2
3018,0
3019,0
3021,0
3022,0
3023,0
3026,3
3029,1
3030,3
3032,3
3033,3
3036,0
3038,2
3039,0
3042,0
3045,0
3046,2
3049,2
3050,2
3052,0
3054,0
3055,2
3057,0
3061,0
3064,0
3065,2
3068,3
3069,0
3072,3
3073,2
3074,3
3076,1
3078,1
3081,1
3082,1
3083,1
3084,0
3087,1
3093,3
3096,0
3101,0
3107,3
3110,0
3114,0
3117,0
3119,0
3123,0
3124,0
3125,0
3126,3
3128,2
3130,0
3131,0
3132,3
3133,3
3135,0
3136,0
3138,0
3141,2
3142,0
3143,0
3145,2
3146,0
3147,0
3148,2
3149,0
3152,1
3154,0
3156,0
3158,2
3161,1
3164,0
3165,1
3166,1
3168,0
3171,0
3172,0
3173,3
3174,1
3176,0
3177,0
3179,1
3180,3
3181,1
3182,1
3186,3
3189,3
3190,2
3194,0
3200,2
3201,1
3202,1
3203,0
3204,0
3205,3
3208,0
3210,0
3213,2
3216,1
3217,3
3218,3
3220,0
3221,2
3224,2
3227,1
3229,3
3231,0
3233,3
3236,3
3238,1
3241,0
3245,1
3249,0
3257,3
3258,0
3262,2
3263,3
3265,0
3267,1
3268,0
3271,2
3272,0
3276,2
3277,2
3279,0
3280,2
3282,2
3283,0
3284,3
3285,3
3288,2
3291,1
3293,3
3296,1
3298,0
3299,0
3300,3
3301,3
3303,3
3309,0
3310,0
3313,0
3314,2
3316,1
3319,1
3320,2
3321,3
3323,2
3325,2
3327,0
3330,0
3332,2
3334,2
3335,2
3336,0
3339,3
3343,3
3349,2
3357,0
3358,2
3359,3
3360,0
3369,2
3370,0
3372,1
3375,3
3376,2
3378,3
3382,0
3388,2
3389,1
3392,0
3396,2
3401,2
3404,0
3409,2
3410,0
3419,0
3420,3
3422,2
3423,3
3426,3
3429,1
3432,3
3437,2
3439,3
3440,0
3444,2
3445,1
3446,2
3451,3
3453,2
3455,1
3457,3
3459,3
3462,3
3463,2
3464,3
3466,2
3468,0
3471,3
3478,0
3481,0
3482,0
3485,2
3491,3
3492,3
3494,2
3501,3
3502,3
3503,3
3507,1
3508,3
3511,0
3512,2
3513,0
3514,0
3515,2
3520,2
3521,3
3522,1
3523,0
3528,1
3530,0
3531,0
3536,3
3537,1
3539,3
3541,2
3542,0
3543,3
3546,2
3548,2
3549,0
3554,2
3563,0
3564,0
3566,1
3567,3
3569,0
3570,1
3572,3
3574,3
3579,1
3583,0
3585,3
3588,2
3589,1
3600,0
3605,2
3606,2
3609,0
3610,1
3614,2
3615,1
3618,3
3619,3
3620,3
3621,2
3623,1
3625,3
3626,1
3630,1
3638,3
3640,0
3644,1
3650,0
3651,2
3652,1
3657,3
3663,1
3664,3
3674,3
3677,3
3678,1
3682,2
3686,0
3688,3
3693,2
3695,0
3696,0
3698,2
3702,2
3704,0
3710,3
3712,3
3713,3
3716,3
3720,2
3729,1
3730,1
3738,1
3740,2
3746,3
3747,0
3748,1
3752,2
3755,3
3760,3
3761,2
3762,3
3763,3
3764,2
3770,1
3772,2
3775,3
3776,3
3780,2
3785,0
3788,1
3789,0
3793,3
3794,1
3795,2
3797,0
3798,0
3799,1
3800,0
3802,1
3803,3
3805,2
3809,1
3811,0
3812,1
3814,3
3823,3
3826,1
3828,0
3831,0
3832,0
3834,2
3837,3
3838,1
3840,2
3841,2
3844,0
3845,1
3848,2
3851,0
3859,1
3860,0
3861,2
3865,3
3866,0
3870,2
3877,1
3878,1
3884,2
3885,2
3890,0
3891,2
3898,2
3899,2
3901,3
3902,0
3905,0
3909,1
3911,2
3912,0
3914,1
3918,2
3921,0
3924,1
3926,0
3928,2
3929,2
3933,2
3936,2
3939,2
3942,2
3945,3
3949,1
3954,2
3956,3
3965,0
3966,2
3968,0
3978,1
3982,0
3983,3
3987,1
3990,0
3991,3
3995,2
3996,0
3999,0
4001,2
4004,3
4006,2
4007,0
4009,1
4014,3
4015,2
4016,1
4019,0
4022,1
4023,2
4024,2
4025,0
4027,1
4034,2
4036,2
4041,2
4046,0
4047,2
4060,3
4063,0
4064,2
4065,2
4066,0
4067,3
4068,3
4072,2
4073,0
4076,0
4077,3
4079,0
4080,2
4081,0
4083,3
4086,2
4087,1
4092,0
4093,1
4094,3
4095,3
4096,2
4100,3
4103,2
4104,0
4110,2
4112,0
4113,0
4114,2
4115,2
4118,0
4119,3
4121,0
4123,1
4125,1
4126,0
4131,0
4132,0
4135,3
4136,0
4137,1
4142,0
4145,2
4146,0
4147,0
4150,0
4151,0
4152,3
4153,3
4155,0
4156,0
4157,3
4158,2
4160,0
4162,2
4164,0
4166,0
4168,3
4169,0
4170,0
4171,0
4172,1
4173,0
4174,0
4175,0
4178,3
4179,2
4181,3
4182,0
4184,3
4185,0
4186,2
4189,2
4195,0
4196,1
4198,2
4203,3
4205,2
4209,1
4210,3
4211,0
4213,3
4220,0
4222,3
4223,1
4225,1
4227,2
4228,0
4230,3
4233,0
4234,3
4236,3
4238,0
4239,2
4240,3
4242,1
4244,3
4246,2
4249,0
4250,3
4253,3
4254,2
4260,0
4264,3
4266,3
4269,2
4271,1
4278,0
4279,0
4283,3
4289,0
4290,1
4293,0
4295,1
4298,1
4300,3
4307,1
4308,1
4311,0
4314,0
4325,2
4331,3
4332,3
4334,3
4335,2
4336,2
4339,0
4346,2
4352,2
4354,0
4356,3
4358,1
4360,2
4364,3
4375,2
4376,2
4380,3
4381,2
4382,2
4383,2
4387,3
4389,3
4395,2
4396,2
4402,0
4404,2
4408,0
4411,1
4414,1
4418,3
4419,3
4420,2
4421,3
4422,0
4425,0
4429,2
4432,1
4433,3
4435,0
4436,1
4438,3
4442,3
4443,3
4444,2
4445,0
4449,3
4453,0
4455,0
4456,2
4457,2
4460,3
4462,3
4463,1
4465,1
4469,0
4471,3
4477,0
4479,2
4482,3
4496,3
4501,3
4507,1
4509,3
4510,0
4511,3
4515,3
4516,2
4520,3
4521,3
4523,3
4524,3
4525,0
4531,3
4532,0
4533,0
4534,0
4535,1
4539,2
4542,3
4543,3
4551,3
4553,3
4555,0
4557,3
4559,0
4561,2
4564,0
4565,2
4567,1
4569,3
4570,3
4573,0
4579,0
4581,2
4582,0
4583,3
4584,3
4588,2
4589,2
4591,3
4595,0
4596,3
4597,3
4599,3
4607,0
4609,0
4613,3
4618,2
4619,1
4620,3
4626,2
4628,0
4630,3
4631,3
4632,1
4635,3
4636,0
4638,0
4641,1
4643,1
4644,0
4646,2
4648,2
4653,0
4655,1
4656,0
4661,3
4663,2
4665,1
4666,3
4668,0
4672,0
4673,1
4675,3
4676,3
4682,3
4684,0
4685,3
4691,0
4694,1
4701,1
4703,2
4708,0
4709,0
4710,0
4712,3
4720,2
4722,3
4723,2
4724,2
4726,3
4727,3
4736,3
4737,0
4742,2
4745,1
4747,0
4748,3
4749,2
4750,3
4751,0
4752,0
4754,3
4757,0
4758,3
4761,3
4764,3
4767,3
4771,1
4772,1
4775,0
4776,1
4777,0
4779,3
4782,0
4784,1
4787,1
4795,1
4796,1
4798,1
4800,0
4806,3
4807,2
4808,2
4810,2
4814,3
4816,3
4820,1
4824,1
4826,2
4829,1
4832,1
4833,1
4835,0
4836,0
4838,1
4840,0
4841,2
4844,2
4845,3
4846,1
4852,2
4853,1
4855,1
4860,3
4861,3
4863,1
4865,1
4866,2
4871,1
4874,1
4880,0
4882,2
4884,3
4886,3
4889,3
4890,2
4891,2
4892,3
4893,3
4896,0
4897,0
4900,3
4904,0
4905,0
4909,3
4911,3
4912,3
4913,1
4915,0
4917,2
4919,2
4920,2
4922,3
4923,2
4926,1
4929,1
4934,3
4937,3
4939,1
4941,2
4944,2
4948,0
4949,0
4956,3
4957,0
4958,3
4959,2
4963,0
4972,3
4977,2
4978,1
4979,1
4981,3
4982,2
4983,0
4984,2
4985,2
4987,3
4988,0
4990,0
4996,3
5006,2
5009,1
5010,3
5011,3
5012,1
5013,0
5017,2
5022,3
5026,1
5029,3
5030,0
5032,1
5034,0
5035,0
5036,0
5037,2
5038,2
5046,2
5052,2
5059,3
5066,3
5067,2
5068,1
5069,3
5074,3
5079,2
5082,0
5083,2
5086,1
5093,2
5095,2
5097,0
5098,2
5101,3
5104,0
5107,3
5109,1
5110,2
5112,3
5113,2
5115,2
5116,0
5117,1
5118,2
5121,2
5126,3
5130,0
5131,2
5133,2
5134,0
5136,0
5139,3
5140,3
5143,2
5146,2
5150,2
5152,0
5154,1
5166,3
5167,3
5168,0
5170,0
5173,2
5179,1
5180,1
5182,2
5189,0
5190,3
5192,3
5193,3
5194,0
5196,2
5198,1
5199,1
5207,2
5209,1
5210,3
5213,3
5216,3
5217,1
5220,2
5222,1
5223,2
5226,0
5227,0
5232,0
5235,3
5241,3
5244,1
5245,2
5259,3
5266,2
5270,3
5274,2
5275,3
5277,3
5279,0
5285,0
5292,3
5293,1
5298,0
5299,0
5301,1
5304,3
5311,0
5313,3
5317,3
5324,2
5326,0
5331,3
5334,3
5335,3
5338,0
5344,0
5347,0
5348,3
5352,1
5354,2
5356,1
5357,2
5359,0
5361,3
5366,0
5369,3
5371,0
5376,0
5378,0
5382,0
5385,2
5386,0
5387,1
5388,0
5389,0
5390,0
5391,0
5392,0
5393,2
5394,0
5395,0
5396,0
5397,0
5399,3
5400,0
5402,0
5405,0
5406,0
5407,2
5408,0
5409,0
5410,3
5411,0
5412,0
5413,0
5414,0
5415,0
5420,2
5421,1
5422,2
5426,0
5430,0
5434,2
5435,0
5436,3
5441,0
5444,2
5445,0
5449,0
5452,2
5458,3
5459,0
5463,2
5467,0
5470,0
5471,0
5474,0
5478,2
5482,2
5483,1
5486,1
5487,2
5491,1
5493,0
5498,0
5499,1
5503,0
5505,2
5507,1
5508,0
5511,2
5513,3
5516,0
5517,0
5518,3
5519,1
5522,0
5523,0
5524,2
5525,3
5527,2
5528,0
5533,1
5536,0
5538,3
5540,3
5541,0
5542,2
5543,1
5548,2
5549,2
5550,0
5551,2
5553,3
5555,3
5562,3
5564,0
5566,1
5567,0
5568,3
5570,1
5573,0
5574,0
5575,3
5576,0
5578,0
5581,0
5590,2
5591,3
5592,2
5593,3
5595,3
5598,0
5599,2
5600,3
5602,1
5614,2
5619,1
5621,2
5625,0
5626,1
5629,2
5632,3
5633,3
5635,0
5637,3
5639,3
5642,1
5645,0
5646,3
5647,3
5651,2
5652,1
5655,1
5656,3
5659,0
5661,0
5662,0
5665,1
5667,3
5669,3
5672,3
5673,2
5675,0
5676,0
5680,0
5684,2
5688,0
5689,3
5691,3
5692,1
5695,2
5699,1
5702,1
5705,0
5706,2
5708,1
5709,1
5711,3
5712,1
5714,3
5715,3
5720,2
5727,3
5732,0
5738,1
5741,3
5742,3
5743,3
5750,2
5751,3
5753,3
5756,1
5764,0
5765,3
5774,3
5778,0
5782,0
5783,1
5785,3
5786,3
5788,3
5791,1
5797,3
5804,3
5805,3
5808,1
5809,2
5811,2
5814,3
5815,0
5816,3
5820,3
5821,1
5822,1
5823,1
5825,1
5826,0
5827,0
5828,0
5829,0
5833,0
5834,2
5835,0
5836,3
5837,0
5838,0
5839,3
5841,0
5843,0
5844,3
5845,0
5846,0
5847,0
5848,0
5850,0
5851,0
5852,0
5854,0
5856,2
5857,0
5859,0
5860,0
5861,0
5862,0
5863,0
5864,1
5865,0
5867,0
5868,0
5870,3
5872,3
5873,0
5875,0
5877,0
5878,0
5879,0
5882,0
5884,0
5885,0
5888,0
5889,1
5890,0
5891,3
5892,0
5893,0
5896,3
5899,0
5901,0
5902,0
5904,0
5905,3
5908,0
5909,3
5910,1
5911,1
5914,3
5915,0
5917,0
5918,0
5919,0
5920,0
5923,0
5924,0
5925,3
5927,2
5928,0
5930,0
5932,2
5933,0
5934,2
5935,2
5936,2
5937,3
5938,0
5940,2
5941,0
5942,0
5943,0
5944,0
5945,3
5946,1
5947,0
5951,0
5952,0
5953,3
5954,0
5956,0
5957,0
5958,1
5961,0
5964,0
5966,0
5967,0
5968,0
5969,0
5970,0
5971,0
5972,0
5973,0
5975,1
5976,0
5978,1
5981,0
5982,0
5990,2
5994,0
5996,2
6004,3
6005,0
6006,0
6009,2
6010,1
6013,1
6019,1
6020,2
6021,1
6022,2
6023,0
6025,1
6030,0
6031,3
6035,2
6037,3
6040,3
6042,2
6043,3
6046,0
6047,0
6048,3
6050,0
6051,1
6056,0
6060,1
6064,0
6066,0
6069,0
6070,2
6071,2
6072,3
6073,1
6075,3
6079,1
6080,3
6081,3
6082,0
6083,3
6084,3
6085,2
6088,2
6089,3
6094,0
6097,2
6102,2
6108,2
6113,1
6114,0
6118,2
6120,3
6122,3
6133,2
6135,2
6140,2
6142,2
6144,2
6146,1
6150,3
6151,3
6152,1
6158,0
6162,3
6163,1
6165,2
6170,1
6171,1
6174,0
6175,2
6176,1
6177,1
6178,3
6181,0
6182,1
6185,2
6188,0
6193,2
6199,2
6200,3
6201,0
6204,0
6205,2
6207,2
6212,0
6215,2
6216,1
6217,0
6219,0
6225,1
6227,1
6228,3
6231,3
6232,3
6234,3
6238,2
6240,2
6244,0
6247,3
6248,0
6249,0
6250,1
6255,2
6258,0
6260,3
6263,0
6270,0
6271,0
6273,2
6278,1
6280,0
6283,0
6285,0
6290,2
6297,2
6300,3
6303,3
6304,3
6305,1
6307,3
6310,1
6312,2
6313,2
6316,0
6319,0
6320,0
6321,0
6323,2
6326,1
6327,2
6330,2
6340,3
6341,1
6346,3
6350,0
6352,1
6353,0
6354,0
6356,1
6357,0
6358,3
6359,3
6363,1
6367,1
6369,2
6370,3
6373,0
6377,1
6380,0
6381,1
6393,1
6397,1
6401,1
6402,1
6404,1
6406,0
6408,1
6409,2
6415,2
6416,3
6417,0
6419,3
6421,0
6422,3
6431,1
6434,3
6435,0
6441,0
6443,0
6446,0
6449,3
6451,2
6454,1
6455,0
6463,1
6465,3
6466,3
6467,2
6471,3
6472,3
6474,1
6476,0
6477,2
6478,1
6481,0
6483,0
6484,0
6485,2
6489,0
6491,3
6492,3
6493,2
6497,0
6501,0
6506,1
6508,0
6509,0
6514,2
6515,0
6518,0
6519,0
6522,0
6523,2
6528,0
6531,0
6532,2
6539,2
6541,3
6544,0
6545,1
6550,3
6552,0
6555,2
6557,0
6558,2
6559,1
6565,3
6573,2
6576,0
6579,3
6582,2
6584,3
6585,0
6586,3
6592,3
6596,1
6597,3
6600,2
6602,1
6603,3
6605,3
6606,2
6609,1
6610,3
6612,3
6617,1
6618,2
6621,2
6622,0
6623,0
6627,3
6629,3
6635,2
6637,3
6639,2
6643,1
6644,3
6646,1
6647,1
6648,0
6651,3
6653,2
6655,0
6661,3
6662,2
6663,1
6664,1
6665,0
6666,3
6672,3
6674,1
6677,2
6687,2
6689,2
6692,0
6695,1
6698,0
6699,1
6700,1
6701,1
6703,3
6707,0
6708,2
6709,2
6710,0
6711,2
6715,3
6717,1
6719,3
6720,0
6721,2
6722,2
6726,2
6728,2
6729,3
6733,3
6742,2
6743,3
6749,2
6750,1
6751,0
6752,1
6758,1
6760,2
6762,2
6763,1
6764,1
6766,2
6767,2
6768,1
6771,3
6774,0
6780,0
6781,3
6784,2
6785,1
6787,2
6790,3
6792,0
6793,0
6796,1
6798,3
6803,2
6805,1
6807,2
6810,2
6813,1
6815,1
6817,2
6818,2
6827,3
6828,3
6833,3
6839,3
6842,1
6851,0
6852,0
6859,2
6863,2
6864,2
6866,2
6871,3
6872,3
6876,2
6877,0
6878,2
6879,1
6880,0
6883,3
6884,3
6885,3
6886,2
6888,2
6889,2
6890,2
6894,2
6895,1
6899,0
6900,2
6901,3
6902,1
6903,0
6904,2
6909,1
6911,0
6912,1
6913,0
6914,2
6916,2
6917,3
6919,0
6921,2
6922,0
6928,1
6930,1
6934,3
6935,1
6939,2
6942,2
6945,2
6949,0
6951,3
6952,0
6953,0
6955,0
6959,2
6960,2
6963,0
6968,2
6972,3
6974,2
6977,2
6981,0
6984,0
6986,2
6987,2
6989,0
6990,3
6991,2
6993,3
6998,3
7000,1
7002,0
7003,0
7009,3
7010,3
7015,2
7022,0
7023,3
7025,2
7026,2
7035,2
7038,3
7039,0
7040,1
7041,0
7043,2
7044,1
7049,3
7053,0
7060,3
7064,3
7070,3
7073,2
7076,2
7080,0
7082,0
7086,0
7087,2
7089,0
7090,0
7091,1
7099,2
7111,1
7114,3
7118,3
7122,2
7124,3
7126,2
7129,2
7130,1
7133,0
7134,3
7139,1
7140,2
7143,3
7145,3
7151,3
7162,0
7166,1
7170,0
7171,2
7173,2
7175,1
7179,2
7181,0
7184,0
7189,3
7193,2
7195,0
7198,0
7200,3
7203,0
7204,3
7207,2
7209,2
7213,0
7215,3
7216,3
7219,2
7220,3
7222,0
7223,3
7226,2
7229,2
7233,2
7238,0
7244,1
7246,1
7247,1
7250,2
7251,1
7253,3
7257,1
7258,3
7259,3
7260,0
7261,2
7262,2
7267,3
7268,2
7270,2
7274,2
7275,1
7276,2
7277,2
7279,3
7281,2
7283,3
7286,2
7287,3
7288,2
7289,0
7291,3
7294,2
7297,1
7299,0
7302,0
7306,0
7309,3
7310,0
7311,0
7312,0
7314,2
7317,2
7319,3
7324,0
7331,0
7332,3
7334,2
7337,0
7339,2
7343,3
7346,2
7348,1
7349,2
7350,0
7355,2
7357,0
7358,2
7362,3
7368,1
7369,3
7374,0
7375,2
7387,2
7391,3
7394,0
7395,3
7397,3
7400,2
7401,0
7403,0
7406,3
7414,0
7420,1
7422,0
7425,1
7427,2
7429,0
7430,0
7434,1
7441,3
7442,0
7449,0
7450,1
7451,3
7457,0
7459,0
7465,0
7467,3
7469,0
7477,2
7482,3
7486,2
7489,0
7491,3
7492,2
7500,0
7501,0
7502,1
7503,3
7506,0
7508,0
7510,1
7517,0
7518,0
7521,2
7522,1
7525,2
7526,0
7527,0
7528,0
7532,0
7534,0
7536,2
7538,2
7543,3
7545,0
7555,0
7562,2
7566,2
7567,0
7576,1
7580,3
7581,1
7584,0
7585,1
7593,0
7594,2
7595,0
7596,1
7601,1
7604,1
7606,2
7610,0
7614,3
7615,1
7617,1
7619,3
7621,3
7624,3
7625,2
7626,2
7628,3
7629,1
7633,1
7636,1
7647,0
7649,3
7652,2
7653,3
7654,3
7659,0
7660,1
7661,1
7666,0
7671,1
7674,1
7678,3
7682,1
7683,1
7686,1
7692,1
7695,0
7696,0
7700,2
7705,2
7707,1
7714,3
7715,3
7716,1
7719,2
7721,2
7723,2
7724,1
7728,1
7729,3
7732,3
7734,0
7737,2
7738,3
7739,1
7740,3
7743,0
7744,0
7745,0
7747,1
7748,2
7753,2
7754,2
7755,1
7756,1
7759,1
7762,0
7764,0
7766,1
7768,3
7773,0
7778,0
7784,2
7785,3
7788,0
7789,1
7790,2
7792,2
7799,0
7800,0
7801,2
7803,3
7808,0
7815,2
7818,3
7819,0
7821,0
7825,3
7826,0
7830,0
7834,3
7836,3
7838,1
7841,2
7842,2
7845,2
7848,2
7849,2
7852,3
7857,2
7858,2
7860,1
7862,2
7866,0
7869,1
7870,1
7872,0
7876,2
7877,1
7880,3
7884,1
7885,3
7888,3
7889,3
7892,1
7894,3
7895,2
7898,2
7901,1
7903,3
7904,3
7907,2
7908,0
7909,2
7910,3
7913,1
7917,3
7919,2
7924,3
7925,2
7926,0
7931,0
7941,1
7942,2
7943,0
7948,0
7950,1
7951,3
7955,3
7957,0
7964,3
7966,3
7967,0
7969,0
7971,0
7972,2
7974,2
7978,1
7989,0
7995,2
7996,0
7998,0
8000,1
8005,3
8008,0
8009,0
8012,2
8017,2
8019,0
8021,0
8022,2
8023,3
8025,0
8027,1
8028,2
8030,0
8039,0
8040,3
8041,3
8045,0
8046,1
8048,3
8049,3
8054,2
8056,2
8058,0
8068,2
8077,2
8078,2
8079,0
8085,2
8094,2
8095,0
8097,0
8098,3
8099,0
8100,1
8104,3
8107,1
8108,0
8111,0
8113,2
8119,1
8123,2
8126,1
8128,2
8139,0
8143,3
8144,3
8147,3
8149,1
8150,3
8153,0
8154,2
8155,1
8156,3
8158,0
8160,2
8161,2
8170,1
8171,1
8176,0
8178,3
8180,0
8183,3
8189,3
8190,3
8192,3
8194,2
8195,2
8197,3
8198,0
8200,0
8202,0
8203,2
8204,3
8207,3
8208,3
8209,0
8210,1
8212,2
8213,2
8217,0
8219,0
8221,2
8222,0
8224,1
8225,3
8226,3
8231,1
8234,3
8236,3
8237,0
8238,2
8239,2
8247,2
8251,1
8252,2
8253,3
8255,2
8256,3
8260,0
8263,2
8270,0
8277,1
8278,0
8281,3
8284,0
8290,3
8294,0
8301,0
8308,1
8313,0
8314,2
8315,1
8317,3
8322,1
8327,0
8330,3
8333,0
8336,0
8337,3
8339,1
8346,0
8350,2
8352,0
8356,3
8357,0
8359,3
8360,1
8363,0
8367,2
8369,0
8371,1
8372,1
8378,3
8381,3
8387,2
8388,0
8391,3
8393,3
8395,2
8398,0
8399,2
8400,3
8402,0
8405,2
8410,2
8411,2
8412,2
8413,0
8415,3
8416,1
8422,2
8423,0
8424,0
8426,2
8428,1
8429,2
8430,0
8432,1
8434,3
8439,3
8440,3
8443,3
8446,1
8448,2
8449,0
8453,1
8457,2
8459,3
8465,3
8467,2
8471,2
8474,2
8480,3
8481,1
8482,2
8483,1
8485,2
8486,1
8487,0
8489,2
8492,2
8493,1
8495,2
8496,3
8497,2
8502,2
8505,1
8506,1
8507,1
8510,0
8513,2
8516,0
8520,3
8521,0
8522,0
8523,1
8525,0
8529,2
8539,2
8540,0
8543,0
8550,0
8553,0
8560,1
8562,2
8563,2
8564,3
8567,2
8569,1
8570,0
8573,2
8575,3
8578,2
8584,1
8585,1
8589,3
8592,2
8595,0
8596,2
8598,3
8600,0
8602,2
8603,1
8604,2
8607,0
8613,3
8615,3
8617,2
8619,0
8625,3
8626,2
8627,2
8629,3
8631,1
8632,1
8637,2
8640,0
8641,0
8643,2
8644,2
8646,2
8650,3
8658,3
8660,1
8666,0
8668,3
8669,3
8681,0
8684,1
8685,0
8686,1
8689,0
8691,0
8692,0
8697,2
8702,0
8704,3
8705,0
8708,3
8709,0
8713,2
8714,3
8716,1
8721,0
8727,0
8733,1
8735,0
8737,0
8739,0
8740,0
8741,3
8742,0
8743,0
8747,3
8748,0
8749,2
8750,2
8753,0
8754,3
8755,0
8756,0
8759,0
8760,2
8761,2
8762,3
8763,2
8764,0
8768,2
8769,0
8771,0
8773,3
8774,3
8782,0
8784,3
8785,0
8786,0
8787,0
8788,0
8792,0
8793,0
8794,0
8795,0
8797,3
8799,0
8800,0
8802,0
8804,0
8805,0
8808,3
8809,3
8812,0
8813,0
8816,0
8819,3
8820,2
8822,2
8830,0
8831,0
8834,2
8836,0
8837,0
8838,2
8847,3
8849,0
8850,3
8853,3
8857,2
8858,3
8859,2
8863,2
8865,3
8877,0
8881,2
8883,2
8889,0
8890,2
8892,3
8894,2
8897,0
8898,3
8900,0
8905,0
8908,3
8915,3
8916,3
8917,2
8918,1
8920,2
8926,3
8927,3
8932,2
8935,3
8937,0
8941,3
8943,0
8947,2
8951,3
8954,3
8961,1
8963,3
8965,2
8966,1
8968,0
8969,1
8974,3
8975,2
8982,2
8984,3
8985,3
8992,2
8994,0
8996,3
8999,3
9003,0
9004,3
9005,2
9008,2
9013,2
9016,1
9019,2
9021,3
9024,2
9026,0
9027,1
9029,3
9030,0
9031,1
9032,3
9035,3
9049,2
9053,1
9054,0
9058,1
9062,0
9063,2
9065,0
9072,3
9074,1
9078,3
9079,1
9083,0
9087,3
9092,1
9094,3
9095,1
9098,0
9102,1
9103,2
9104,1
9105,1
9109,1
9112,1
9113,1
9120,0
9122,0
9123,1
9126,3
9127,0
9128,2
9130,2
9131,2
9136,0
9139,2
9141,1
9142,2
9143,2
9145,0
9147,1
9152,2
9160,0
9162,2
9163,2
9164,2
9166,2
9168,1
9170,1
9173,0
9174,3
9177,3
9181,2
9183,2
9184,3
9185,3
9191,1
9192,3
9194,0
9195,0
9199,1
9202,1
9204,1
9209,0
9212,2
9217,0
9221,0
9222,3
9226,0
9228,1
9229,2
9231,1
9232,3
9234,2
9237,1
9238,3
9242,2
9244,2
9245,3
9250,0
9251,2
9253,0
9255,1
9256,1
9258,3
9259,3
9261,1
9267,2
9270,3
9271,3
9274,3
9275,2
9277,1
9284,2
9288,0
9293,1
9295,1
9298,1
9300,0
9301,1
9302,2
9303,2
9308,3
9312,1
9316,0
9317,2
9323,0
9324,3
9326,3
9329,2
9335,3
9336,3
9340,2
9341,0
9346,1
9349,1
9351,0
9358,1
9359,3
9361,0
9362,2
9363,3
9366,0
9370,3
9373,0
9377,3
9379,3
9382,3
9384,3
9388,1
9389,2
9391,1
9395,0
9399,3
9400,1
9404,0
9407,3
9411,2
9413,1
9420,0
9421,2
9424,3
9425,1
9426,2
9427,0
9431,3
9432,2
9434,2
9437,0
9439,1
9441,0
9445,0
9447,2
9448,3
9449,3
9451,3
9452,2
9453,2
9456,1
9457,3
9459,2
9460,2
9462,1
9466,2
9467,3
9473,3
9474,3
9475,3
9479,3
9484,0
9487,2
9489,1
9490,1
9492,2
9493,2
9494,2
9499,1
9500,0
9502,3
9503,0
9504,3
9510,3
9511,2
9513,0
9516,0
9519,3
9520,0
9522,0
9523,0
9524,2
9525,0
9526,2
9528,0
9530,3
9532,0
9533,1
9536,3
9537,1
9541,2
9542,3
9543,1
9545,3
9548,2
9552,1
9554,2
9555,1
9559,1
9561,3
9565,0
9568,0
9571,1
9573,3
9576,1
9577,2
9580,2
9585,1
9588,3
9590,0
9593,1
9594,0
9595,1
9596,0
9598,2
9600,2
9601,0
9603,1
9607,2
9609,0
9610,1
9611,1
9613,1
9614,2
9617,2
9618,2
9627,2
9629,0
9630,1
9632,0
9634,3
9636,3
9639,3
9641,2
9643,1
9645,1
9647,2
9653,3
9659,0
9660,0
9661,3
9663,0
9664,2
9666,2
9667,3
9668,1
9669,1
9670,1
9671,0
9673,0
9676,3
9677,3
9678,1
9679,3
9681,2
9682,2
9689,3
9690,0
9692,3
9694,1
9695,2
9698,2
9699,3
9702,0
9707,2
9709,3
9712,2
9715,2
9717,3
9720,2
9722,2
9723,2
9725,0
9727,2
9728,0
9732,0
9733,3
9737,3
9738,1
9740,2
9741,3
9742,1
9745,3
9751,2
9752,1
9754,3
9756,1
9757,1
9758,0
9761,3
9765,1
9766,2
9770,2
9771,3
9772,2
9775,1
9780,3
9786,0
9788,1
9789,2
9790,3
9792,2
9794,0
9798,2
9800,1
9801,1
9803,2
9804,2
9806,3
9808,2
9810,2
9814,2
9816,3
9821,2
9828,2
9829,1
9830,0
9832,2
9839,0
9841,2
9846,0
9849,0
9850,0
9851,3
9853,2
9857,0
9866,0
9870,3
9872,2
9875,0
9876,3
9882,1
9883,3
9884,0
9889,0
9890,3
9892,1
9899,3
9904,3
9905,3
9909,1
9911,2
9912,1
9913,1
9914,0
9917,3
9922,1
9924,0
9925,0
9926,3
9927,3
9928,0
9929,0
9930,2
9932,0
9933,0
9935,0
9938,2
9940,0
9941,0
9942,0
9944,0
9946,0
9947,0
9948,0
9949,0
9953,0
9954,0
9955,0
9958,1
9959,0
9961,0
9963,0
9964,0
9965,0
9967,2
9968,0
9969,0
9970,0
9971,0
9974,0
9975,3
9977,0
9979,0
9980,0
9983,1
9989,2
9993,2
9994,0
10000,3
10001,3
10007,3
10011,1
10012,0
10015,2
10023,2
10024,0
10025,3
10028,1
10030,1
10032,2
10036,0
10040,0
10041,1
10042,0
10044,3
10050,3
10051,0
10052,1
10054,2
10055,3
10058,3
10059,3
10061,2
10063,3
10065,3
10069,3
10070,3
10072,0
10074,3
10078,1
10079,0
10085,3
10086,3
10096,0
10097,2
10099,0
10100,0
10105,0
10113,1
10114,1
10119,0
10120,2
10124,3
10125,0
10130,1
10137,0
10141,2
10142,2
10145,2
10146,3
10149,3
10150,1
10151,2
10153,0
10154,1
10157,2
10166,3
10167,2
10174,1
10181,3
10182,0
10185,2
10186,3
10187,0
10188,3
10191,3
10192,2
10198,2
10203,1
10204,2
10208,2
10209,2
10211,2
10212,2
10213,3
10216,0
10217,0
10220,0
10224,3
10228,2
10230,2
10234,2
10235,3
10236,0
10237,3
10241,0
10242,1
10243,2
10247,3
10248,0
10252,2
10255,0
10258,0
10259,2
10260,0
10261,0
10262,1
10268,2
10269,3
10273,0
10277,3
10278,0
10279,0
10280,1
10283,3
10284,3
10285,0
10290,2
10294,0
10295,3
10300,0
10301,0
10302,3
10312,2
10313,0
10314,0
10315,3
10317,2
10318,2
10322,1
10328,0
10332,0
10334,3
10336,0
10338,0
10341,3
10343,0
10344,3
10346,2
10347,3
10348,2
10349,2
10350,1
10351,2
10352,0
10354,0
10356,3
10357,0
10358,2
10360,2
10365,2
10366,0
10371,2
10372,2
10376,1
10379,1
10381,0
10385,2
10387,2
10388,2
10389,3
10390,0
10391,2
10394,3
10395,2
10396,2
10403,1
10404,3
10406,1
10409,0
10410,1
10411,0
10412,0
10415,2
10416,2
10419,0
10420,2
10422,2
10424,2
10425,3
10429,1
10433,1
10434,0
10436,3
10440,2
10442,3
10443,0
10455,2
10456,3
10457,1
10458,1
10460,0
10463,2
10466,1
10468,1
10473,3
10475,0
10481,2
10486,0
10496,0
10497,3
10502,3
10503,2
10508,0
10509,3
10525,2
10533,3
10535,1
10537,0
10541,0
10543,3
10544,0
10546,0
10548,2
10550,0
10551,0
10553,3
10554,1
10557,0
10558,2
10562,1
10564,3
10566,1
10570,0
10578,3
10581,3
10583,3
10584,2
10586,3
10588,3
10589,0
10595,0
10597,3
10600,3
10608,0
10612,3
10613,2
10619,1
10622,0
10634,3
10636,2
10638,0
10641,0
10643,3
10644,2
10645,3
10647,3
10649,1
10650,3
10651,3
10652,2
10656,0
10662,3
10663,2
10664,2
10665,3
10666,3
10667,1
10670,1
10671,2
10673,3
10674,0
10675,0
10677,1
10679,0
10683,3
10687,2
10695,2
10696,0
10697,0
10700,3
10706,2
10707,2
10715,2
10718,2
10726,0
10729,1
10738,0
10739,3
10741,0
10742,0
10746,1
10750,0
10753,3
10755,0
10758,3
10759,1
10760,2
10762,1
10764,1
10766,0
10773,1
10774,2
10775,0
10784,3
10785,1
10786,0
10788,0
10789,3
10792,1
10798,3
10800,3
10801,1
10804,2
10805,3
10807,3
10810,2
10811,1
10812,1
10814,2
10815,0
10821,2
10822,2
10830,3
10831,3
10837,0
10838,2
10841,2
10843,0
10844,0
10846,0
10847,3
10849,0
10850,0
10855,0
10857,0
10858,2
10859,0
10861,3
10868,2
10872,0
10881,1
10891,2
10896,3
10904,3
10910,3
10911,3
10913,1
10917,2
10918,2
10919,2
10928,2
10930,2
10931,0
10933,0
10937,1
10938,3
10939,0
10944,2
10950,3
10951,1
10954,3
10955,3
10956,2
10959,2
10960,3
10962,0
10963,0
10967,1
10969,2
10971,2
10973,0
10974,3
10975,0
10976,3
10977,3
10979,3
10984,1
10987,0
10988,3
10997,1
11001,0
11002,0
11005,0
11006,0
11007,3
11011,3
11015,2
11017,0
11018,2
11029,3
11032,2
11037,2
11041,3
11042,0
11044,3
11052,0
11054,0
11055,3
11058,3
11059,1
11061,0
11062,0
11065,3
11068,0
11069,0
11070,0
11072,0
11073,0
11076,2
11079,0
11080,2
11081,3
11083,0
11084,0
11087,0
11088,3
11090,2
11092,0
11094,2
11095,0
11098,0
11100,0
11102,0
11105,0
11106,0
11107,0
11108,0
11109,0
11110,0
11111,0
11118,0
11119,0
11120,0
11122,0
11125,0
11127,0
11131,3
11132,0
11133,3
11134,2
11135,0
11136,0
11138,3
11143,0
11144,0
11145,0
11146,0
11147,0
11148,0
11149,0
11150,3
11151,0
11152,2
11154,0
11156,0
11157,0
11158,0
11161,0
11162,0
11163,3
11165,0
11166,3
11167,0
11168,0
11169,0
11170,3
11171,0
11172,0
11173,0
11175,0
11176,0
11177,2
11178,0
11179,0
11180,0
11181,0
11182,3
11183,0
11185,0
11189,2
11191,0
11193,0
11194,0
11196,0
11197,3
11199,0
11200,0
11202,0
11203,0
11205,0
11206,0
11207,0
11213,2
11214,3
11215,2
11217,0
11218,1
11219,0
11220,3
11222,1
11223,2
11224,0
11225,0
11227,0
11230,3
11231,0
11232,0
11234,0
11235,0
11236,0
11238,0
11240,3
11242,0
11243,3
11244,3
11245,0
11246,2
11248,0
11249,0
11250,3
11251,2
11253,0
11255,0
11258,3
11259,0
11260,2
11263,0
11264,0
11265,2
11268,0
11269,3
11270,0
11272,3
11277,0
11278,0
11279,2
11280,0
11283,3
11284,0
11285,0
11286,0
11289,0
11290,0
11292,0
11293,0
11295,1
11298,1
11299,0
11301,0
11311,1
11312,2
11313,3
11314,0
11316,3
11317,3
11321,0
11329,0
11333,0
11335,0
11338,2
11339,3
11340,3
11344,3
11346,3
11347,3
11348,3
11349,2
11350,2
11352,3
11353,0
11357,3
11358,2
11364,2
11368,3
11369,0
11372,3
11376,2
11381,2
11383,2
11391,2
11397,0
11400,3
11401,1
11403,3
11404,2
11407,2
11409,0
11413,0
11417,3
11424,1
11432,2
11434,0
11442,3
11458,3
11460,1
11461,1
11464,1
11465,3
11467,2
11468,3
11472,1
11473,1
11474,1
11475,1
11478,2
11479,3
11481,3
11485,0
11486,0
11494,1
11495,3
11499,0
11502,3
11503,3
11506,2
11516,3
11517,2
11519,3
11521,0
11523,0
11524,0
11528,3
11530,3
11531,0
11532,3
11533,3
11534,2
11535,3
11537,3
11549,2
11550,2
11553,3
11557,0
11559,2
11563,3
11565,1
11566,1
11571,1
11573,0
11578,1
11579,1
11581,3
11583,1
11585,0
11590,2
11592,2
11593,3
11598,0
11602,2
11604,3
11606,3
11608,0
11611,0
11613,3
11614,2
11616,2
11617,2
11619,0
11620,3
11622,3
11624,2
11625,0
11627,3
11634,2
11635,1
11640,3
11644,2
11645,0
11646,0
11648,2
11654,2
11655,0
11659,3
11660,1
11661,0
11664,3
11671,0
11672,0
11673,3
11674,0
11675,0
11676,3
11680,2
11681,3
11683,0
11688,1
11691,2
11693,0
11694,2
11699,0
11707,1
11709,0
11718,2
11720,2
11721,1
11723,1
11726,3
11729,0
11731,0
11733,1
11735,0
11739,2
11743,3
11744,2
11745,3
11747,2
11751,3
11752,3
11755,3
11756,3
11757,2
11758,3
11760,2
11762,0
11769,3
11770,1
11776,0
11778,2
11783,1
11786,0
11788,0
11789,3
11790,2
11792,0
11795,1
11797,3
11808,1
11812,1
11813,2
11814,0
11815,3
11819,0
11823,2
11825,3
11826,1
11828,3
11829,1
11833,1
11835,3
11839,0
11842,2
11844,3
11847,1
11850,2
11852,3
11853,3
11857,1
11858,2
11860,3
11864,1
11872,0
11876,1
11878,1
11879,2
11884,2
11887,1
11889,1
11893,1
11895,3
11897,2
11898,0
11901,2
11904,0
11907,0
11910,2
11912,0
11914,0
11916,0
11917,2
11918,3
11919,3
11923,1
11926,1
11932,0
11937,2
11940,2
11941,0
11943,1
11947,3
11955,2
11958,3
11962,0
11964,1
11970,3
11971,2
11975,3
11976,0
11977,2
11979,1
11980,1
11981,3
11983,0
11984,2
11988,3
11989,3
11990,0
11991,1
11992,1
11994,1
11997,0
12000,1
12004,2
12005,1
12006,0
12008,1
12017,1
12018,0
12019,2
12023,0
12026,1
12028,2
12031,3
12032,1
12033,3
12035,1
12036,1
12044,1
12047,0
12053,2
12055,2
12056,3
12058,1
12059,3
12060,3
12063,2
12064,1
12066,1
12067,0
12069,2
12085,2
12086,2
12087,2
12088,0
12093,1
12105,1
12107,0
12110,3
12112,0
12113,3
12114,0
12117,3
12118,0
12119,0
12122,1
12123,1
12125,3
12127,1
12129,0
12130,3
12132,1
12133,3
12137,0
12141,2
12145,3
12147,0
12148,0
12152,1
12155,1
12156,0
12157,1
12158,2
12159,3
12161,1
12167,0
12170,3
12172,3
12173,3
12174,3
12177,3
12180,0
12181,0
12182,2
12186,1
12187,3
12191,0
12195,1
12197,3
12198,3
12202,3
12208,0
12209,3
12214,3
12218,2
12222,2
12223,2
12225,2
12226,3
12227,0
12229,0
12230,3
12234,0
12235,3
12236,0
12238,3
12242,0
12243,1
12244,2
12245,3
12246,1
12249,3
12256,0
12259,3
12260,3
12261,3
12262,1
12264,0
12265,2
12275,3
12276,0
12279,3
12282,2
12289,3
12291,3
12292,0
12295,1
12296,1
12297,0
12299,3
12301,0
12302,0
12305,0
12308,0
12312,2
12313,1
12318,1
12320,0
12323,1
12325,0
12327,1
12330,0
12331,2
12332,1
12336,0
12337,1
12338,3
12339,0
12341,0
12343,3
12346,1
12347,0
12348,1
12354,2
12366,1
12367,0
12372,0
12376,1
12377,2
12379,2
12381,3
12382,2
12386,0
12388,2
12389,3
12390,3
12391,3
12399,0
12404,0
12409,2
12410,3
12411,2
12418,2
12419,3
12421,1
12424,0
12426,1
12429,2
12432,1
12434,2
12435,3
12436,3
12444,3
12448,3
12450,1
12458,0
12460,0
12461,2
12465,2
12467,0
12468,0
12471,3
12474,3
12475,2
12477,1
12480,1
12482,1
12483,3
12485,1
12486,2
12490,1
12499,2
12508,1
12509,0
12511,2
12519,1
12520,1
12524,0
12525,0
12526,0
12529,2
12530,0
12537,3
12538,3
12539,0
12542,3
12544,2
12546,1
12547,0
12551,0
12556,3
12557,3
12558,0
12560,3
12562,0
12563,3
12567,3
12574,2
12576,3
12578,3
12587,0
12588,0
12589,1
12592,2
12593,0
12595,0
12596,0
12599,0
12600,0
12603,2
12606,2
12607,0
12610,1
12611,3
12614,0
12615,3
12616,0
12624,3
12625,3
12626,3
12631,2
12633,3
12635,0
12639,1
12646,3
12647,0
12651,0
12655,3
12660,1
12663,0
12664,0
12669,3
12671,0
12673,1
12674,3
12678,0
12681,3
12682,0
12688,1
12692,0
12694,3
12697,3
12700,2
12702,2
12703,0
12705,2
12711,3
12712,3
12720,0
12721,2
12726,2
12730,3
12739,0
12740,2
12741,3
12742,0
12744,3
12749,3
12751,0
12755,3
12756,2
12757,3
12758,3
12764,2
12767,1
12775,3
12777,0
12778,3
12780,3
12781,1
12782,0
12783,0
12784,3
12786,3
12787,2
12788,3
12790,0
12796,0
12798,3
12802,3
12803,2
12805,3
12806,2
12809,1
12810,2
12812,1
12813,3
12814,3
12815,1
12821,2
12826,0
12827,0
12828,1
12830,3
12832,0
12834,3
12836,2
12837,0
12843,3
12846,3
12848,3
12854,1
12858,0
12860,2
12863,0
12865,2
12866,0
12867,3
12870,3
12871,2
12872,0
12874,0
12875,3
12876,3
12877,3
12878,3
12879,1
12882,0
12885,2
12886,2
12887,0
12889,3
12891,3
12893,1
12894,2
12895,3
12901,3
12903,1
12904,0
12906,2
12910,3
12914,2
12916,1
12917,3
12918,0
12919,3
12923,0
12925,0
12930,1
12933,3
12934,0
12935,3
12936,3
12937,2
12938,2
12943,0
12945,1
12946,3
12947,1
12950,3
12951,2
12952,3
12954,3
12956,1
12958,0
12960,1
12962,0
12964,0
12967,3
12968,2
12969,2
12973,0
12974,1
12975,0
12976,0
12979,0
12983,3
12986,1
12987,0
12990,3
12991,2
12993,0
12994,0
12997,3
13006,3
13007,3
13009,1
13010,0
13011,3
13012,0
13021,0
13022,0
13023,0
13024,1
13025,3
13026,3
13029,3
13030,0
13031,0
13033,1
13034,2
13038,2
13042,0
13043,3
13045,3
13051,3
13054,1
13058,0
13059,0
13063,2
13065,1
13067,0
13070,0
13072,0
13073,2
13080,2
13082,0
13083,0
13085,2
13086,1
13088,1
13090,3
13091,3
13095,3
13103,1
13104,2
13106,2
13109,1
13110,1
13113,2
13122,3
13123,1
13124,1
13125,1
13127,3
13129,3
13130,0
13131,0
13132,0
13137,1
13138,3
13141,2
13142,3
13145,1
13154,2
13158,3
13159,1
13160,1
13161,0
13163,0
13165,2
13168,0
13170,2
13173,1
13174,2
13176,3
13178,0
13179,0
13180,1
13181,1
13182,1
13185,2
13191,2
13193,1
13195,0
13197,1
13198,3
13199,1
13201,2
13203,0
13205,0
13207,0
13209,0
13214,2
13217,2
13220,2
13221,0
13223,2
13224,3
13225,2
13226,3
13227,0
13231,0
13232,0
13234,0
13238,1
13243,0
13244,3
13245,1
13246,2
13248,2
13250,0
13253,2
13260,3
13263,1
13264,0
13266,2
13268,0
13269,1
13282,2
13283,2
13285,2
13288,0
13290,0
13291,0
13292,2
13296,3
13300,3
13304,1
13305,2
13306,2
13313,3
13316,3
13319,2
13321,1
13323,1
13325,2
13329,3
13330,2
13335,1
13340,2
13341,0
13342,1
13344,3
13346,3
13349,2
13353,2
13358,1
13359,1
13363,0
13367,3
13369,3
13370,1
13371,0
13373,0
13377,1
13378,2
13381,3
13382,2
13384,1
13385,0
13393,3
13394,3
13397,1
13400,3
13401,1
13402,2
13405,2
13410,2
13412,3
13416,3
13419,2
13423,1
13424,0
13425,2
13427,3
13429,1
13438,3
13442,3
13443,3
13444,1
13447,3
13448,3
13449,3
13451,2
13452,2
13454,3
13456,3
13458,2
13461,2
13465,1
13466,0
13469,3
13470,2
13473,0
13475,1
13476,0
13480,1
13482,0
13486,2
13487,1
13492,2
13493,2
13506,0
13507,3
13509,2
13519,1
13521,1
13523,0
13528,0
13532,3
13533,2
13535,3
13536,0
13537,0
13539,2
13542,3
13544,2
13545,0
13550,2
13553,2
13554,3
13563,0
13566,3
13567,2
13568,1
13570,0
13573,2
13574,3
13576,2
13581,2
13582,1
13583,2
13584,3
13585,3
13589,0
13591,1
13592,1
13593,0
13598,0
13601,3
13604,1
13607,0
13609,2
13611,2
13612,3
13614,3
13615,1
13618,1
13620,3
13625,2
13626,3
13631,1
13632,3
13637,2
13639,2
13643,0
13644,3
13645,1
13646,0
13647,3
13649,1
13650,1
13651,1
13653,0
13655,0
13657,2
13659,0
13660,0
13664,3
13667,0
13669,1
13671,3
13681,3
13682,3
13683,1
13684,1
13686,3
13689,1
13691,2
13693,3
13696,3
13698,2
13702,3
13704,2
13706,3
13707,2
13710,2
13711,1
13712,2
13714,3
13715,3
13716,2
13717,0
13721,2
13728,3
13730,3
13731,3
13732,3
13737,2
13739,3
13741,0
13746,0
13747,2
13750,3
13751,2
13752,3
13754,2
13758,2
13759,0
13762,0
13764,1
13765,3
13769,0
13770,2
13772,0
13781,0
13782,0
13785,3
13786,2
13787,2
13788,3
13793,0
13794,3
13795,2
13797,0
13800,3
13802,2
13803,1
13804,2
13806,3
13807,1
13808,0
13809,2
13811,3
13813,2
13814,0
13816,0
13817,2
13819,3
13820,1
13821,0
13824,3
13826,3
13827,1
13828,3
13829,1
13832,0
13834,3
13836,0
13841,1
13845,3
13850,2
13854,0
13855,1
13856,1
13857,1
13859,2
13862,2
13865,3
13872,1
13878,0
13887,3
13889,2
13893,2
13897,0
13899,0
13900,1
13901,2
13902,1
13903,0
13906,0
13913,2
13914,3
13915,0
13918,2
13922,0
13924,2
13927,3
13931,0
13934,0
13935,2
13936,0
13937,3
13939,3
13941,2
13943,0
13945,1
13946,1
13947,3
13948,2
13949,1
13950,0
13951,2
13954,3
13959,2
13965,3
13966,0
13967,2
13969,3
13972,0
13973,0
13974,3
13976,3
13978,3
13980,0
13983,2
13986,3
13987,3
13988,0
13996,3
13997,2
13998,3
14000,2
14003,3
14009,3
14012,0
14015,3
14017,3
14018,0
14020,3
14021,3
14029,2
14030,1
14034,0
14036,3
14040,0
14041,0
14044,0
14046,3
14047,3
14048,3
14049,3
14050,2
14054,1
14055,0
14064,2
14067,0
14072,0
14076,0
14077,0
14078,0
14080,2
14081,0
14085,0
14086,3
14088,2
14090,0
14091,0
14092,0
14093,0
14094,0
14097,0
14099,0
14100,2
14101,3
14102,0
14103,2
14105,0
14108,0
14109,0
14110,0
14112,0
14113,0
14115,0
14116,0
14117,0
14118,0
14119,0
14121,3
14123,0
14124,0
14125,0
14131,2
14137,3
14138,2
14142,1
14144,1
14145,0
14146,0
14148,3
14150,2
14152,2
14154,2
14162,0
14164,1
14165,3
14170,0
14172,3
14173,3
14175,3
14177,2
14180,3
14183,0
14186,0
14187,0
14194,0
14197,3
14201,3
14204,3
14206,0
14209,2
14212,0
14216,3
14220,3
14222,2
14223,1
14224,0
14225,2
14226,2
14230,3
14231,0
14233,1
14234,3
14236,1
14237,0
14240,2
14241,3
14242,2
14243,0
14244,1
14249,0
14250,0
14251,0
14254,1
14256,2
14258,1
14259,0
14263,1
14267,2
14268,0
14269,3
14270,1
14273,0
14276,0
14280,2
14281,2
14282,0
14288,0
14289,0
14290,2
14293,0
14295,0
14298,0
14303,2
14312,2
14315,2
14325,0
14326,2
14328,3
14329,1
14331,2
14332,1
14337,3
14338,3
14339,2
14351,3
14352,3
14358,1
14359,1
14363,1
14367,2
14368,1
14371,3
14377,3
14380,2
14381,0
14385,1
14387,2
14389,0
14392,1
14395,2
14397,0
14399,0
14400,2
14401,3
14402,2
14404,1
14406,2
14407,0
14408,1
14409,1
14412,3
14413,0
14420,0
14421,3
14422,0
14429,0
14430,0
14431,0
14434,3
14437,2
14439,0
14442,1
14444,0
14445,2
14446,3
14451,0
14454,2
14456,2
14459,2
14461,2
14462,3
14466,2
14470,2
14471,3
14472,3
14474,3
14484,2
14488,0
14489,1
14495,2
14496,3
14497,2
14501,1
14503,2
14504,2
14508,1
14514,1
14521,1
14522,3
14523,0
14524,3
14525,3
14531,3
14537,0
14542,2
14543,0
14548,1
14549,3
14552,3
14553,2
14555,3
14556,3
14557,3
14560,3
14565,0
14566,1
14570,2
14571,1
14572,1
14574,1
14580,0
14581,3
14585,2
14586,3
14587,0
14589,3
14590,0
14593,2
14595,3
14600,1
14603,2
14605,0
14606,0
14607,1
14608,0
14612,2
14613,1
14614,0
14619,1
14620,3
14621,3
14628,0
14629,3
14636,0
14637,2
14638,3
14639,1
14643,2
14647,0
14649,0
14650,0
14651,0
14652,3
14655,2
14656,3
14659,0
14660,1
14662,3
14663,0
14665,2
14668,3
14669,2
14670,3
14675,3
14676,1
14678,2
14681,0
14682,2
14683,2
14685,1
14686,3
14687,3
14688,2
14689,1
14693,1
14696,0
14698,2
14699,2
14700,0
14705,3
14706,2
14711,0
14716,0
14719,1
14721,2
14723,3
14727,3
14729,2
14731,3
14732,3
14734,0
14735,3
14737,0
14738,2
14739,3
14744,2
14746,1
14752,1
14753,3
14754,1
14756,0
14758,0
14759,3
14761,0
14763,0
14764,0
14765,3
14768,1
14774,2
14775,0
14777,3
14782,2
14785,3
14792,3
14795,2
14797,3
14798,3
14800,0
14802,0
14804,3
14805,3
14806,2
14809,3
14812,3
14813,2
14817,2
14820,0
14825,0
14830,3
14835,3
14836,3
14838,2
14839,3
14842,1
14843,2
14844,3
14845,0
14848,2
14849,3
14850,2
14852,3
14854,1
14855,2
14856,0
14865,3
14867,1
14868,2
14870,1
14877,0
14879,1
14886,0
14889,2
14891,2
14898,1
14900,2
14902,0
14903,0
14904,1
14906,3
14908,1
14913,2
14915,3
14918,3
14926,2
14927,2
14930,2
14934,0
14940,3
14941,3
14943,0
14947,2
14951,2
14959,2
14962,2
14964,0
14968,3
14971,0
14972,0
14973,0
14974,0
14975,0
14976,0
14977,0
14978,2
14979,0
14981,0
14982,0
14983,3
14984,0
14985,0
14986,0
14987,1
14988,0
14989,0
14991,1
14993,2
14994,0
14995,0
14997,1
14998,3
14999,0
15001,2
15004,3
15005,3
15010,0
15014,2
15015,0
15016,0
15017,0
15020,3
15022,3
15025,1
15029,2
15030,2
15033,3
15038,0
15040,0
15041,0
15046,0
15052,1
15055,0
15057,1
15058,0
15061,3
15065,0
15066,2
15068,3
15073,0
15074,3
15076,0
15077,3
15080,0
15082,1
15085,3
15090,3
15092,3
15096,1
15097,3
15098,1
15104,0
15105,0
15107,2
15108,0
15111,0
15112,2
15113,2
15124,0
15125,2
15131,0
15132,0
15133,3
15136,2
15137,3
15138,2
15139,1
15141,0
15145,2
15146,0
15153,2
15155,0
15156,1
15157,0
15158,0
15160,1
15162,2
15163,2
15165,2
15177,1
15181,0
15182,1
15183,0
15184,1
15190,2
15191,2
15193,3
15195,3
15197,2
15199,2
15200,2
15203,3
15205,0
15207,2
15211,0
15219,3
15220,2
15221,2
15223,1
15231,0
15232,0
15233,3
15234,2
15240,1
15241,0
15244,1
15245,1
15246,2
15248,0
15249,2
15251,0
15253,0
15258,3
15259,3
15260,0
15262,3
15263,3
15264,0
15265,0
15266,0
15269,3
15270,0
15271,0
15272,0
15273,0
15274,0
15275,3
15281,0
15282,0
15284,0
15286,0
15290,2
15294,0
15297,0
15298,0
15299,0
15304,2
15305,0
15306,3
15307,0
15309,0
15310,0
15315,0
15317,0
15318,0
15319,0
15321,2
15322,3
15325,3
15326,0
15329,0
15330,3
15331,0
15332,0
15333,0
15334,3
15341,0
15343,1
15345,3
15351,3
15356,0
15360,2
15365,2
15368,2
15369,1
15375,1
15376,1
15378,2
15382,2
15385,3
15387,3
15392,3
15393,3
15394,3
15397,3
15398,1
15399,3
15401,2
15403,2
15404,2
15406,3
15407,3
15408,3
15410,2
15412,2
15413,2
15415,3
15416,3
15418,0
15421,3
15422,3
15425,1
15429,1
15430,1
15431,3
15433,1
15434,3
15437,3
15441,0
15444,2
15450,3
15453,3
15454,1
15460,3
15461,2
15465,1
15470,0
15471,2
15474,2
15475,2
15481,1
15484,1
15486,3
15487,0
15488,0
15493,2
15494,0
15497,3
15499,2
15503,1
15504,2
15508,3
15511,1
15515,0
15517,2
15523,2
15525,3
15526,0
15527,2
15528,1
15529,2
15530,3
15531,3
15532,3
15533,0
15544,0
15545,3
15546,1
15549,3
15552,3
15558,0
15560,1
15561,3
15564,0
15566,1
15567,3
15570,0
15576,1
15584,3
15585,3
15586,1
15588,3
15590,1
15594,3
15595,0
15599,0
15617,2
15620,3
15622,2
15624,0
15627,1
15635,2
15636,0
15638,0
15642,3
15645,2
15649,2
15652,0
15654,1
15656,0
15658,0
15659,0
15660,2
15661,0
15662,3
15670,1
15674,1
15678,2
15680,2
15685,0
15692,0
15698,0
15699,3
15701,0
15704,3
15711,1
15714,0
15715,2
15717,2
15718,0
15719,2
15720,0
15722,1
15725,2
15729,3
15732,0
15733,2
15735,3
15736,2
15743,2
15748,1
15749,1
15750,1
15752,3
15753,3
15760,1
15762,3
15763,3
15764,1
15768,2
15772,3
15774,0
15780,2
15782,0
15785,1
15787,3
15789,0
15790,2
15793,2
15794,3
15796,2
15798,3
15800,3
15801,3
15811,2
15813,2
15816,1
15817,2
15819,2
15822,2
15823,0
15830,3
15831,3
15833,2
15838,2
15841,0
15843,2
15844,1
15845,2
15847,3
15851,0
15852,3
15853,2
15854,2
15855,1
15857,0
15859,1
15861,2
15863,2
15865,2
15866,3
15867,2
15868,1
15876,1
15877,3
15878,0
15879,3
15880,3
15883,0
15884,3
15885,3
15893,1
15894,1
15895,1
15899,3
15900,2
15901,2
15904,2
15907,2
15911,0
15912,0
15915,0
15916,3
15917,3
15921,3
15922,2
15926,3
15928,2
15930,3
15933,3
15934,2
15938,1
15940,2
15943,2
15948,2
15952,3
15955,0
15956,2
15957,2
15958,3
15959,2
15960,0
15961,0
15966,0
15970,0
15981,3
15988,0
15989,3
15992,3
15993,0
15994,3
15995,3
16000,3
16001,3
16003,0
16006,2
16010,1
16012,2
16013,0
16016,3
16018,0
16020,0
16024,2
16026,0
16028,0
16030,2
16031,3
16033,3
16034,3
16036,3
16038,1
16040,1
16042,0
16044,3
16045,1
16048,0
16049,2
16051,1
16053,1
16054,3
16055,3
16059,2
16061,3
16062,0
16065,2
16068,2
16070,2
16071,2
16075,0
16081,2
16083,0
16084,3
16090,3
16091,2
16096,2
16097,2
16101,1
16102,3
16103,3
16105,3
16106,3
16107,2
16110,0
16112,2
16113,3
16114,0
16115,3
16118,0
16119,2
16121,2
16123,0
16124,2
16125,0
16126,0
16129,1
16132,1
16134,0
16135,3
16137,0
16138,3
16139,1
16144,0
16146,0
16147,0
16148,0
16151,2
16158,0
16159,1
16160,2
16164,1
16169,2
16171,3
16172,3
16176,1
16179,2
16181,3
16183,3
16184,3
16189,3
16194,1
16195,2
16196,3
16197,3
16199,0
16200,2
16202,2
16205,3
16206,2
16207,0
16212,2
16214,0
16216,3
16218,0
16222,3
16227,2
16230,3
16231,3
16237,1
16238,3
16239,1
16241,1
16248,2
16249,3
16250,0
16251,1
16255,0
16260,0
16267,0
16270,1
16277,3
16284,3
16287,3
16293,2
16295,0
16297,1
16303,3
16304,2
16305,1
16308,2
16310,2
16311,2
16312,0
16313,0
16315,3
16317,0
16324,0
16325,0
16328,3
16329,2
16330,0
16333,2
16336,3
16339,3
16341,1
16342,3
16343,3
16344,2
16345,0
16350,0
16358,0
16360,3
16363,1
16364,2
16369,2
16370,2
16371,2
16373,0
16378,3
16379,0
16380,3
16381,1
16382,2
16383,0
16386,3
16387,3
16389,0
16390,2
16391,0
16393,1
16400,3
16401,2
16402,0
16403,1
16406,1
16410,0
16420,2
16421,3
16422,0
16428,2
16429,3
16430,2
16432,3
16435,3
16436,3
16438,3
16439,3
16440,0
16450,3
16451,3
16454,1
16455,2
16458,2
16459,2
16460,0
16463,3
16465,3
16466,3
16468,0
16469,1
16473,3
16476,1
16477,1
16482,0
16483,2
16484,1
16486,1
16490,1
16491,2
16492,2
16499,1
16503,1
16507,2
16511,3
16512,2
16517,0
16518,1
16519,3
16520,2
16521,1
16522,0
16523,0
16528,0
16529,2
16530,0
16542,2
16543,2
16544,2
16554,1
16560,2
16562,3
16567,0
16569,0
16570,3
16571,0
16573,0
16575,2
16580,0
16590,1
16592,2
16594,2
16596,2
16598,0
16608,1
16609,0
16610,2
16613,0
16614,0
16616,3
16618,2
16619,3
16621,0
16624,3
16627,0
16629,0
16634,0
16640,2
16641,3
16642,3
16644,2
16645,1
16647,2
16650,3
16654,2
16657,3
16658,0
16660,2
16663,3
16668,0
16670,3
16671,2
16672,0
16675,0
16676,2
16682,2
16685,0
16686,0
16687,2
16693,2
16694,3
16696,3
16697,3
16701,3
16705,2
16710,1
16711,1
16713,1
16718,2
16719,2
16721,1
16724,2
16726,1
16727,2
16728,1
16730,3
16731,2
16733,1
16737,3
16742,2
16743,3
16747,3
16748,1
16749,1
16750,3
16751,3
16754,2
16759,0
16760,2
16763,0
16764,2
16767,2
16769,0
16773,1
16775,0
16776,0
16777,0
16778,0
16781,0
16782,0
16783,0
16784,0
16785,0
16786,0
16787,3
16788,0
16789,0
16790,0
16791,0
16794,3
16796,0
16797,2
16799,0
16801,0
16803,0
16804,0
16806,0
16807,0
16808,0
16809,0
16810,0
16811,0
16812,0
16813,0
16814,0
16815,0
16817,2
16818,0
16820,0
16821,0
16823,0
16824,0
16826,0
16827,0
16828,0
16830,0
16831,3
16832,1
16834,0
16835,3
16838,0
16839,0
16840,0
16841,0
16842,0
16844,0
16845,0
16847,0
16849,2
16854,3
16860,2
16862,0
16863,0
16865,2
16868,1
16869,0
16870,3
16871,2
16874,2
16878,1
16881,1
16882,0
16885,3
16886,3
16887,1
16889,3
16890,0
16892,0
16893,1
16894,3
16895,3
16896,0
16899,2
16909,2
16913,0
16914,1
16915,0
16917,0
16919,3
16921,3
16923,2
16924,3
16925,0
16926,1
16927,3
16928,3
16929,0
16930,2
16932,3
16935,3
16936,0
16940,2
16941,1
16942,0
16950,0
16953,3
16957,0
16962,3
16964,2
16966,0
16968,2
16971,0
16973,2
16974,2
16975,2
16978,1
16983,3
16989,2
16990,3
16992,1
16993,3
16996,3
16997,2
16999,3
17000,0
17003,1
17007,0
17008,2
17012,3
17014,2
17016,0
17021,2
17023,1
17024,0
17029,2
17031,3
17033,1
17036,1
17037,2
17038,1
17041,1
17042,3
17043,0
17044,0
17045,0
17049,0
17051,3
17052,3
17053,2
17054,2
17055,2
17057,3
17059,3
17060,0
17062,3
17063,0
17066,3
17069,2
17073,0
17074,2
17077,2
17078,3
17079,1
17080,3
17081,3
17082,0
17084,3
17090,0
17092,0
17093,0
17096,0
17101,3
17102,1
17104,1
17108,2
17113,2
17118,3
17119,2
17121,2
17125,2
17134,2
17135,3
17141,3
17145,0
17148,2
17154,2
17155,3
17158,3
17161,1
17162,0
17164,1
17165,1
17166,1
17171,2
17175,0
17176,1
17177,2
17184,3
17185,3
17186,2
17189,2
17191,3
17192,2
17193,3
17194,0
17195,0
17198,0
17199,3
17200,2
17201,0
17202,3
17203,3
17204,0
17206,2
17211,2
17212,2
17213,3
17214,3
17215,2
17216,1
17220,2
17223,0
17224,1
17226,1
17228,2
17229,1
17230,2
17238,1
17239,1
17247,2
17248,1
17249,3
17250,2
17251,1
17253,1
17255,1
17258,1
17259,3
17261,1
17265,3
17267,1
17269,2
17270,0
17277,1
17281,3
17284,0
17287,1
17291,0
17295,0
17297,0
17298,3
17300,1
17302,0
17305,2
17311,0
17321,0
17324,0
17325,3
17326,0
17329,2
17331,3
17333,0
17337,1
17338,2
17339,1
17342,2
17347,2
17349,2
17351,0
17352,3
17355,3
17357,1
17360,3
17361,3
17362,3
17363,1
17364,3
17371,3
17377,2
17378,3
17379,2
17382,2
17383,0
17395,3
17397,1
17414,0
17418,1
17419,3
17420,2
17423,2
17425,0
17429,3
17430,2
17432,0
17438,1
17444,2
17447,0
17448,0
17449,1
17450,0
17451,2
17452,3
17454,2
17455,3
17461,1
17463,3
17464,2
17467,2
17468,0
17470,0
17474,3
17477,0
17479,3
17481,3
17483,0
17485,0
17486,3
17488,0
17490,1
17492,3
17493,3
17494,2
17498,3
17499,0
17500,1
17501,2
17508,1
17511,0
17514,3
17515,0
17517,1
17521,0
17524,1
17525,3
17526,1
17527,0
17528,1
17531,0
17532,3
17533,0
17534,3
17536,3
17541,2
17542,3
17543,0
17547,1
17550,1
17552,3
17553,2
17554,2
17555,0
17560,3
17564,3
17566,0
17570,0
17572,3
17573,3
17577,2
17578,0
17579,2
17581,3
17583,1
17586,0
17587,3
17588,0
17590,3
17593,0
17594,2
17595,0
17596,1
17597,0
17599,3
17603,1
17604,0
17606,0
17607,3
17609,0
17610,2
17612,0
17613,2
17615,3
17617,0
17618,3
17619,2
17622,1
17623,1
17624,0
17628,0
17630,3
17631,0
17634,2
17636,3
17640,3
17641,1
17647,0
17651,1
17655,0
17656,0
17659,2
17660,3
17662,2
17663,1
17664,2
17666,0
17669,2
17670,3
17671,2
17674,2
17679,3
17682,2
17686,2
17687,2
17688,3
17689,0
17693,3
17694,3
17695,2
17697,2
17698,2
17703,2
17707,0
17711,3
17715,3
17717,1
17727,2
17728,1
17730,0
17731,0
17734,2
17737,1
17738,2
17739,2
17742,3
17746,0
17749,1
17753,2
17754,3
17757,0
17760,0
17761,1
17764,0
17770,2
17774,0
17779,0
17780,1
17781,2
17786,0
17789,0
17791,2
17795,1
17796,2
17803,3
17809,1
17812,2
17813,2
17816,0
17818,2
17819,2
17822,0
17824,2
17825,2
17828,0
17830,2
17831,1
17834,0
17836,3
17837,3
17840,3
17846,2
17852,3
17853,3
17854,1
17857,2
17859,1
17861,2
17864,3
17866,3
17867,3
17872,3
17873,2
17878,2
17882,0
17883,2
17885,3
17889,1
17891,1
17892,1
17896,0
17897,1
17901,3
17902,0
17906,0
17911,2
17912,1
17915,2
17918,0
17919,2
17921,2
17925,3
17929,1
17935,3
17936,2
17938,2
17939,3
17945,3
17947,0
17950,0
17951,3
17952,3
17954,0
17959,2
17962,2
17963,0
17964,2
17965,2
17969,0
17973,0
17976,3
17983,0
17985,0
17987,1
17989,2
17990,2
17991,2
17994,2
17995,2
17996,2
17997,2
17999,0
18002,3
18005,3
18007,0
18008,0
18009,0
18010,2
18018,0
18022,3
18023,2
18028,3
18029,2
18033,2
18038,3
18040,1
18043,2
18048,0
18052,0
18053,3
18054,0
18058,2
18062,3
18064,1
18065,1
18068,3
18069,1
18070,1
18071,1
18075,3
18077,1
18078,3
18080,1
18081,0
18082,2
18086,3
18090,2
18092,3
18095,2
18096,0
18103,0
18104,0
18106,3
18108,1
18111,0
18112,2
18115,3
18120,2
18123,2
18127,2
18129,0
18132,3
18134,1
18136,3
18138,3
18142,3
18143,0
18144,1
18147,0
18149,1
18158,1
18161,0
18162,3
18164,2
18166,0
18167,2
18173,2
18174,2
18177,1
18181,2
18182,2
18183,0
18184,2
18189,3
18195,1
18205,3
18208,2
18212,1
18214,1
18216,3
18217,0
18218,1
18223,0
18224,1
18227,3
18231,2
18232,3
18234,1
18236,1
18237,2
18238,3
18243,0
18244,3
18248,0
18249,1
18250,2
18252,1
18255,0
18256,0
18257,2
18258,1
18259,1
18260,1
18261,0
18262,0
18263,0
18266,0
18268,2
18269,2
18272,3
18273,0
18274,0
18277,0
18278,0
18281,0
18283,0
18284,3
18285,0
18286,0
18287,3
18289,0
18290,0
18291,0
18294,0
18295,0
18296,0
18298,0
18300,0
18304,0
18306,0
18307,1
18308,0
18309,0
18310,0
18311,3
18312,0
18313,0
18315,0
18319,0
18320,0
18321,0
18323,0
18324,0
18325,0
18326,2
18328,0
18329,0
18331,0
18333,0
18335,0
18337,0
18338,0
18339,0
18340,1
18341,1
18342,0
18343,0
18346,3
18347,0
18348,0
18349,0
18351,1
18352,0
18353,0
18355,3
18357,0
18358,0
18359,0
18360,0
18361,0
18362,0
18363,0
18364,0
18365,0
18366,0
18368,0
18369,1
18371,0
18372,3
18373,0
18374,0
18375,0
18376,3
18377,0
18379,0
18380,0
18381,0
18384,0
18385,0
18386,0
18387,0
18389,0
18390,0
18392,0
18394,3
18395,0
18397,0
18399,0
18402,0
18405,0
18408,2
18410,0
18411,0
18412,0
18413,0
18414,1
18415,0
18418,3
18419,3
18420,0
18424,0
18426,0
18428,2
18433,1
18434,3
18436,2
18438,0
18440,3
18442,2
18443,2
18445,1
18447,0
18448,2
18451,3
18452,3
18453,3
18454,1
18455,1
18456,1
18465,2
18467,2
18469,2
18470,0
18473,2
18474,1
18478,2
18480,2
18481,3
18484,2
18485,2
18486,2
18488,2
18492,3
18493,2
18498,1
18502,3
18504,0
18506,3
18511,3
18513,3
18516,3
18523,1
18525,0
18526,1
18533,0
18537,3
18538,3
18539,2
18540,2
18543,3
18547,1
18551,0
18552,3
18554,3
18556,3
18557,2
18558,3
18569,2
18570,2
18577,1
18578,3
18581,2
18584,0
18587,1
18589,1
18590,3
18591,0
18593,1
18594,2
18597,0
18598,2
18599,1
18600,2
18602,0
18605,3
18607,2
18611,1
18614,2
18615,1
18616,0
18620,1
18623,2
18628,3
18632,3
18633,3
18635,0
18640,0
18644,0
18648,1
18651,1
18652,1
18653,1
18657,3
18659,0
18661,2
18662,2
18663,3
18664,3
18665,3
18666,3
18667,3
18670,2
18675,1
18677,1
18678,2
18680,3
18682,2
18686,2
18687,0
18689,3
18691,1
18693,2
18694,0
18696,2
18697,3
18699,2
18704,0
18705,3
18706,0
18707,0
18708,0
18709,1
18710,0
18711,2
18713,0
18714,2
18715,3
18716,3
18725,3
18727,3
18729,2
18730,0
18735,1
18736,0
18738,3
18740,2
18748,2
18749,3
18750,0
18751,3
18752,1
18757,1
18758,0
18761,2
18762,1
18764,0
18767,2
18769,2
18770,0
18778,2
18779,0
18781,2
18784,0
18786,1
18789,1
18790,2
18791,3
18792,2
18795,3
18800,1
18801,3
18803,1
18804,2
18805,1
18806,0
18807,2
18809,3
18818,0
18821,3
18825,1
18828,3
18830,0
18837,3
18839,1
18841,2
18843,1
18848,3
18851,1
18859,2
18861,3
18863,0
18864,2
18868,1
18872,2
18873,0
18875,2
18878,2
18882,1
18884,2
18889,2
18893,1
18894,2
18899,2
18901,3
18903,2
18906,1
18907,1
18908,3
18909,3
18910,0
18913,0
18916,3
18918,0
18920,1
18924,2
18929,2
18930,3
18931,3
18932,2
18933,0
18935,1
18944,3
18948,2
18949,2
18954,1
18963,0
18966,1
18967,1
18968,2
18970,3
18972,3
18974,3
18980,3
18982,0
18984,3
18989,3
19000,2
19006,3
19007,3
19011,3
19013,1
19015,2
19016,1
19027,1
19032,0
19037,2
19038,0
19040,2
19042,3
19044,2
19045,1
19048,0
19049,2
19050,1
19052,1
19053,1
19054,2
19055,3
19056,0
19060,2
19061,3
19064,2
19065,0
19066,2
19074,3
19078,2
19084,0
19085,3
19087,3
19088,1
19089,0
19090,1
19092,3
19095,0
19099,2
19102,3
19107,3
19109,3
19110,0
19112,0
19113,2
19114,1
19115,3
19116,3
19118,3
19119,3
19122,3
19123,2
19124,3
19127,0
19129,2
19131,2
19133,2
19134,3
19146,2
19150,1
19154,1
19167,2
19168,2
19169,2
19171,2
19172,1
19176,2
19181,3
19182,2
19188,2
19192,3
19201,2
19203,2
19205,3
19209,0
19210,1
19211,0
19213,0
19218,3
19221,1
19225,1
19227,0
19230,2
19231,2
19232,0
19233,1
19236,2
19238,1
19239,1
19243,3
19244,2
19247,2
19248,3
19250,1
19251,0
19255,0
19256,0
19262,2
19263,3
19266,1
19267,1
19268,3
19269,2
19272,1
19275,3
19278,2
19279,2
19280,3
19281,3
19282,2
19288,0
19290,1
19294,0
19295,0
19296,1
19306,3
19309,2
19310,2
19311,1
19312,2
19314,0
19317,2
19318,3
19321,2
19322,3
19333,0
19334,0
19339,2
19342,1
19343,1
19345,1
19348,3
19354,2
19355,0
19362,3
19365,3
19366,2
19368,3
19373,0
19374,2
19375,3
19379,2
19380,0
19382,1
19383,1
19384,1
19385,1
19386,1
19390,3
19391,0
19394,2
19395,2
19396,3
19399,3
19401,3
19402,0
19403,3
19404,0
19406,3
19408,2
19409,2
19410,1
19412,2
19414,3
19415,3
19425,2
19427,1
19431,1
19432,2
19433,3
19434,2
19436,2
19441,1
19442,3
19443,2
19448,2
19449,2
19454,2
19455,0
19456,0
19461,3
19465,0
19472,0
19476,0
19477,2
19480,2
19481,2
19483,0
19486,2
19487,3
19488,3
19490,3
19493,0
19494,3
19495,0
19497,3
19498,1
19501,3
19503,1
19505,0
19508,1
19511,3
19512,2
19514,2
19515,0
19518,0
19529,3
19530,0
19538,1
19541,0
19544,3
19546,2
19548,0
19549,3
19550,3
19554,0
19555,1
19556,1
19558,3
19560,0
19562,2
19567,2
19568,2
19576,1
19577,1
19581,0
19582,3
19584,3
19586,1
19590,2
19593,3
19596,0
19597,2
19598,1
19601,1
19604,2
19605,0
19609,3
19613,2
19614,0
19618,1
19619,1
19620,0
19623,2
19626,2
19629,1
19630,0
19635,3
19636,3
19637,0
19638,3
19639,2
19640,2
19646,0
19648,2
19650,3
19656,3
19657,2
19658,3
19660,3
19666,3
19667,2
19680,0
19684,2
19686,2
19689,2
19690,3
19697,1
19700,0
19701,2
19702,2
19703,0
19707,3
19709,2
19711,3
19712,1
19715,3
19716,0
19717,0
19722,2
19723,1
19724,3
19734,2
19737,2
19740,0
19742,1
19743,3
19748,2
19751,3
19755,0
19758,3
19770,3
19771,3
19776,2
19780,0
19784,1
19786,3
19788,3
19797,2
19799,3
19800,3
19802,0
19803,2
19804,3
19806,1
19809,1
19813,3
19814,1
19817,0
19820,2
19822,0
19826,2
19838,1
19839,0
19842,2
19848,2
19849,0
19853,2
19854,3
19856,2
19858,3
19859,3
19860,2
19864,2
19865,0
19876,2
19877,0
19889,3
19895,1
19896,3
19898,2
19901,2
19903,2
19908,2
19909,2
19911,3
19914,3
19915,3
19916,0
19917,2
19923,1
19924,3
19929,2
19932,2
19933,0
19942,1
19943,0
19948,1
19950,1
19952,1
19953,1
19955,0
19956,2
19958,0
19963,1
19964,0
19966,1
19967,3
19968,0
19974,2
19977,0
19981,3
19987,2
19990,2
19991,3
19992,3
19993,2
19995,1
19998,3
19999,3
20000,3
20003,0
20005,0
20006,2
20009,1
20013,1
20014,1
20019,0
20021,0
20022,0
20025,3
20027,0
20029,2
20034,0
20035,0
20037,0
20038,0
20040,2
20042,1
20043,2
20044,0
20049,3
20050,3
20051,1
20052,3
20055,3
20056,3
20057,3
20062,1
20063,0
20064,2
20068,2
20077,1
20078,1
20080,3
20081,3
20083,0
20085,2
20086,1
20088,3
20089,2
20104,2
20105,0
20106,0
20109,0
20113,2
20115,1
20121,0
20126,0
20132,0
20133,2
20135,0
20136,1
20138,3
20140,3
20143,3
20144,0
20147,2
20149,3
20154,2
20156,3
20157,3
20158,3
20159,3
20161,1
20162,3
20163,0
20164,2
20167,1
20168,0
20173,3
20175,3
20179,1
20184,1
20185,1
20186,3
20187,0
20189,2
20190,3
20192,3
20194,0
20196,1
20197,2
20199,2
20200,2
20201,2
20207,3
20211,1
20213,0
20218,3
20220,3
20222,3
20229,1
20233,3
20234,0
20236,2
20238,3
20240,3
20242,1
20245,3
20246,1
20253,2
20254,3
20258,3
20259,1
20262,0
20264,2
20266,3
20269,3
20274,3
20276,3
20277,2
20278,0
20279,3
20280,3
20283,3
20286,1
20288,3
20289,3
20294,0
20295,3
20297,1
20298,2
20303,2
20304,3
20305,3
20306,3
20313,3
20315,2
20316,2
20317,2
20318,2
20321,3
20324,3
20326,0
20328,0
20330,0
20333,3
20334,3
20336,3
20338,3
20339,1
20341,1
20342,2
20343,3
20344,0
20345,3
20346,3
20352,3
20356,3
20361,0
20364,3
20365,0
20367,1
20374,2
20375,0
20377,3
20378,0
20379,0
20382,2
20383,3
20384,3
20386,0
20389,3
20396,1
20397,2
20398,0
20400,1
20404,2
20407,0
20408,1
20409,2
20411,3
20413,0
20415,1
20417,0
20422,3
20431,3
20432,3
20437,3
20443,2
20444,2
20445,0
20449,3
20450,0
20451,3
20452,0
20453,3
20459,0
20463,0
20465,1
20466,3
20468,2
20469,3
20474,3
20476,0
20478,2
20480,2
20481,0
20484,3
20485,0
20487,1
20490,2
20493,1
20494,0
20497,3
20498,1
20499,1
20502,2
20503,1
20505,2
20507,2
20512,3
20516,3
20517,1
20518,2
20519,2
20521,2
20522,0
20523,3
20524,3
20527,2
20529,1
20535,2
20537,0
20539,2
20541,0
20542,2
20543,0
20545,1
20548,0
20549,0
20555,0
20558,1
20561,1
20562,2
20564,3
20567,2
20568,2
20574,1
20575,3
20580,1
20581,3
20582,1
20583,0
20587,3
20591,2
20592,3
20593,0
20594,2
20595,2
20596,2
20597,3
20598,1
20599,0
20602,3
20603,2
20604,3
20605,2
20607,2
20608,1
20610,3
20612,2
20615,2
20617,1
20618,2
20619,1
20620,1
20622,3
20624,0
20628,2
20630,3
20635,3
20641,0
20642,2
20645,2
20646,0
20648,2
20649,0
20654,0
20655,2
20658,2
20660,3
20665,1
20671,2
20674,0
20675,3
20677,0
20679,3
20681,1
20683,3
20684,2
20686,3
20688,3
20689,3
20690,0
20692,0
20694,1
20699,0
20709,2
20710,3
20711,1
20714,3
20715,1
20716,1
20721,1
20726,0
20730,2
20732,3
20733,3
20734,3
20736,0
20738,2
20739,3
20741,0
20742,3
20745,3
20746,0
20753,3
20756,1
20758,0
20759,3
20760,1
20761,2
20763,0
20765,2
20768,1
20769,3
20772,3
20773,3
20774,3
20775,3
20779,2
20782,2
20783,3
20785,3
20787,3
20788,0
20790,2
20797,3
20799,3
20800,2
20803,0
20804,1
20805,3
20807,2
20809,0
20811,3
20813,3
20815,3
20817,2
20821,3
20822,1
20824,3
20826,2
20827,3
20835,2
20842,1
20844,1
20845,2
20851,3
20854,1
20857,3
20864,1
20867,1
20868,3
20872,3
20873,3
20874,0
20875,2
20876,0
20880,3
20883,1
20885,2
20889,3
20891,3
20893,3
20894,3
20895,0
20896,2
20899,2
20900,3
20905,2
20912,3
20914,2
20915,3
20917,3
20918,3
20920,1
20922,3
20928,0
20930,3
20934,1
20937,3
20938,3
20940,2
20941,3
20943,1
20944,3
20945,1
20946,2
20948,3
20954,2
20955,1
20956,3
20959,2
20968,3
20971,2
20972,3
20976,0
20977,3
20978,3
20981,2
20983,0
20985,0
20989,2
20990,2
20992,3
20995,3
20997,3
20998,0
21002,0
21006,3
21009,3
21010,2
21016,3
21021,2
21022,1
21023,0
21025,1
21027,1
21028,3
21031,0
21035,1
21036,2
21037,1
21043,2
21045,3
21047,1
21051,0
21052,3
21053,1
21054,1
21055,2
21058,2
21060,0
21063,1
21066,0
21069,1
21072,3
21074,2
21078,2
21079,0
21080,1
21082,0
21083,2
21085,3
21087,0
21089,2
21092,0
21094,0
21099,0
21105,1
21106,3
21109,2
21111,0
21112,2
21114,0
21115,0
21116,2
21117,0
21119,0
21120,0
21122,0
21123,3
21124,3
21125,0
21126,3
21127,0
21129,2
21130,0
21131,0
21132,0
21133,0
21134,0
21135,1
21142,0
21143,3
21144,0
21145,1
21147,3
21148,0
21149,0
21151,0
21152,0
21153,0
21154,0
21155,0
21156,0
21157,0
21158,1
21160,0
21161,3
21163,0
21164,3
21165,0
21169,2
21170,2
21171,3
21175,0
21176,0
21177,2
21180,3
21181,0
21182,0
21183,1
21184,0
21185,3
21186,0
21187,0
21188,0
21189,0
21193,2
21199,1
21202,0
21203,0
21206,1
21209,0
21214,2
21216,2
21219,2
21223,3
21224,1
21229,1
21230,1
21232,3
21234,1
21235,3
21237,2
21239,2
21240,0
21241,0
21242,1
21243,2
21256,0
21257,1
21258,2
21262,3
21264,1
21265,0
21266,0
21268,0
21276,1
21279,1
21280,2
21281,2
21283,2
21284,2
21290,2
21291,0
21294,2
21295,1
21298,0
21299,2
21301,1
21303,0
21304,1
21307,3
21312,1
21313,0
21315,2
21317,2
21320,1
21323,0
21325,2
21329,1
21330,0
21334,0
21336,3
21339,3
21340,0
21343,0
21345,2
21347,3
21348,0
21351,2
21352,0
21356,2
21358,3
21359,3
21361,0
21362,3
21364,1
21365,0
21366,1
21367,3
21369,3
21371,1
21375,1
21376,2
21377,2
21378,0
21380,0
21382,1
21383,2
21384,3
21386,2
21388,3
21392,0
21393,2
21395,0
21396,2
21399,2
21400,3
21405,2
21406,2
21407,0
21409,2
21412,0
21426,0
21431,2
21435,1
21440,2
21441,2
21444,1
21445,1
21446,2
21450,3
21452,1
21456,0
21457,0
21464,0
21466,0
21470,2
21471,0
21472,1
21473,0
21475,1
21476,1
21481,0
21483,1
21488,2
21492,1
21493,2
21497,3
21503,2
21504,3
21505,2
21509,0
21512,2
21513,0
21514,0
21516,2
21517,2
21520,0
21522,0
21527,1
21529,2
21531,1
21535,1
21539,1
21541,1
21543,3
21549,1
21550,1
21552,2
21553,0
21556,3
21557,3
21558,3
21561,3
21567,2
21568,1
21570,2
21571,0
21572,3
21579,3
21582,3
21583,2
21587,3
21588,1
21589,1
21591,3
21594,3
21601,3
21606,1
21608,2
21611,3
21614,2
21617,2
21618,0
21619,0
21620,3
21622,3
21624,2
21627,1
21629,0
21634,2
21639,0
21641,2
21649,2
21651,2
21655,2
21659,3
21663,3
21664,0
21666,3
21670,3
21673,0
21675,3
21679,1
21680,1
21683,1
21685,0
21686,1
21687,2
21695,0
21698,0
21702,0
21703,3
21704,0
21708,3
21709,3
21713,0
21723,0
21729,0
21741,0
21743,2
21744,3
21745,0
21746,3
21748,0
21752,2
21753,0
21757,0
21765,3
21767,3
21770,0
21771,0
21775,3
21780,0
21783,3
21785,0
21786,2
21787,2
21789,3
21790,2
21794,1
21797,3
21798,3
21801,0
21805,0
21806,0
21811,0
21812,2
21814,3
21815,2
21819,3
21824,2
21825,2
21826,2
21827,0
21828,2
21830,0
21832,2
21837,0
21838,0
21839,0
21843,0
21844,3
21847,2
21850,0
21853,0
21854,3
21855,1
21857,0
21858,2
21867,1
21878,2
21880,0
21882,2
21883,0
21884,3
21886,3
21890,0
21891,3
21892,1
21901,3
21902,3
21903,1
21907,2
21908,2
21910,2
21911,1
21915,2
21917,0
21920,0
21922,1
21923,2
21930,2
21931,2
21932,1
21937,2
21938,2
21939,3
21940,3
21942,3
21945,2
21947,2
21948,2
21949,3
21953,1
21954,0
21955,3
21958,0
21962,1
21965,0
21966,2
21967,0
21969,3
21970,2
21977,0
21979,1
21981,3
21982,0
21985,2
21986,3
21993,0
21994,0
21998,3
22001,3
22004,3
22005,0
22007,0
22009,0
22010,2
22011,2
22013,3
22014,2
22015,3
22020,3
22024,3
22026,2
22027,0
22028,0
22030,1
22032,3
22033,2
22034,1
22037,0
22043,3
22045,0
22051,1
22053,2
22055,2
22056,1
22060,2
22061,0
22062,0
22064,3
22067,3
22068,0
22069,1
22071,2
22078,2
22079,0
22080,0
22081,3
22082,3
22086,1
22088,0
22090,3
22095,1
22099,2
22100,0
22107,1
22110,2
22113,0
22114,2
22115,1
22116,2
22117,1
22118,2
22123,1
22126,0
22129,0
22131,0
22137,1
22138,0
22144,0
22146,1
22147,1
22150,0
22152,0
22159,1
22161,0
22165,1
22167,0
22172,1
22175,0
22177,2
22178,3
22179,3
22181,3
22182,2
22184,3
22185,3
22186,3
22188,0
22191,3
22193,1
22194,1
22197,1
22199,2
22200,0
22202,1
22205,0
22206,3
22207,2
22209,2
22212,1
22214,1
22217,0
22218,0
22221,3
22225,2
22226,2
22228,0
22233,0
22235,1
22242,1
22243,0
22245,2
22246,3
22248,2
22249,2
22258,0
22262,3
22264,2
22266,3
22267,2
22269,1
22271,2
22277,2
22279,1
22281,1
22284,2
22289,3
22291,0
22292,2
22293,1
22302,1
22304,2
22305,0
22309,0
22316,3
22318,2
22324,1
22328,2
22329,2
22330,2
22341,0
22343,3
22344,3
22345,0
22346,3
22347,3
22351,3
22352,0
22353,0
22354,2
22355,0
22356,0
22359,0
22360,3
22362,0
22367,1
22369,2
22371,2
22377,3
22378,3
22380,3
22384,1
22385,3
22393,0
22396,3
22398,0
22402,0
22404,2
22407,2
22409,2
22410,2
22412,2
22413,3
22416,0
22420,3
22421,2
22422,3
22427,2
22428,1
22432,2
22434,0
22435,0
22438,3
22442,3
22445,2
22446,3
22455,0
22459,3
22460,3
22462,3
22463,0
22466,0
22467,3
22468,3
22469,3
22470,0
22472,0
22474,0
22475,0
22476,2
22477,3
22478,3
22479,0
22480,0
22481,1
22482,0
22483,0
22484,0
22485,0
22488,0
22489,0
22490,0
22491,0
22493,3
22494,0
22495,0
22496,0
22497,0
22502,0
22503,3
22504,3
22505,0
22506,3
22507,2
22509,3
22512,3
22514,0
22516,3
22518,3
22522,1
22528,0
22532,3
22534,1
22538,1
22539,2
22552,1
22555,1
22558,3
22560,3
22561,3
22565,2
22566,2
22570,1
22574,2
22577,0
22579,2
22581,2
22588,2
22594,2
22599,3
22604,0
22605,2
22608,0
22611,0
22612,3
22613,3
22615,3
22617,3
22619,0
22622,3
22623,2
22624,3
22625,2
22627,3
22632,3
22634,3
22635,3
22637,3
22638,3
22640,0
22641,2
22645,1
22648,1
22650,2
22652,3
22653,1
22657,3
22658,3
22660,3
22662,1
22664,1
22666,3
22667,3
22668,2
22671,3
22674,3
22682,0
22683,2
22686,0
22687,2
22691,3
22695,0
22705,2
22709,3
22711,3
22712,2
22713,1
22715,3
22716,1
22717,1
22721,0
22728,2
22729,3
22734,3
22738,1
22741,3
22743,3
22745,3
22746,3
22747,3
22748,3
22749,3
22750,3
22753,3
22759,2
22767,0
22768,2
22770,2
22771,0
22774,1
22778,2
22780,2
22784,0
22790,3
22791,3
22792,3
22796,2
22797,2
22799,2
22801,0
22806,2
22807,0
22810,1
22813,0
22814,2
22822,0
22826,3
22827,2
22830,3
22832,0
22834,3
22835,0
22838,1
22840,2
22842,1
22846,2
22848,2
22850,3
22851,2
22858,3
22863,1
22868,0
22869,2
22873,0
22875,2
22876,0
22882,0
22883,0
22884,0
22890,0
22891,0
22892,3
22893,3
22896,2
22899,1
22900,0
22901,2
22903,3
22906,0
22911,1
22913,0
22914,3
22918,0
22919,0
22923,2
22926,3
22930,3
22933,0
22938,3
22940,3
22944,2
22945,0
22950,3
22951,2
22954,0
22956,0
22960,0
22962,0
22963,0
22966,3
22967,3
22969,3
22970,0
22971,0
22972,2
22973,2
22974,0
22975,2
22977,0
22978,2
22979,0
22980,3
22982,1
22983,0
22984,2
22985,3
22987,2
22992,3
22998,2
22999,0
23002,1
23004,3
23006,3
23007,3
23008,3
23009,2
23013,0
23014,1
23017,0
23025,2
23026,0
23033,3
23034,3
23049,3
23050,2
23055,1
23057,2
23058,3
23062,1
23063,3
23064,3
23065,3
23067,0
23070,2
23071,2
23073,3
23075,1
23076,3
23078,3
23080,2
23081,2
23085,2
23086,2
23088,2
23091,2
23093,0
23095,2
23099,2
23100,3
23102,3
23106,3
23110,0
23111,0
23113,2
23114,1
23119,2
23124,2
23126,2
23129,3
23130,2
23131,1
23134,0
23137,3
23139,0
23140,0
23144,3
23145,0
23149,1
23150,0
23152,1
23155,3
23157,0
23159,0
23161,2
23167,3
23168,1
23175,3
23178,2
23180,2
23186,2
23188,1
23192,0
23193,2
23194,2
23200,0
23202,3
23204,0
23205,3
23206,2
23207,2
23208,0
23209,1
23214,2
23216,0
23217,0
23219,1
23222,3
23223,2
23224,1
23225,1
23227,1
23229,2
23231,0
23232,3
23237,0
23243,0
23244,2
23248,0
23250,3
23252,0
23254,2
23256,1
23263,0
23270,3
23273,2
23274,2
23278,1
23279,1
23281,3
23282,1
23286,3
23287,2
23291,3
23297,0
23298,3
23304,2
23307,3
23309,0
23317,3
23323,3
23325,2
23326,2
23329,1
23330,1
23331,3
23334,0
23340,2
23343,0
23344,0
23345,3
23347,2
23350,3
23353,3
23356,2
23361,1
23362,0
23363,0
23365,2
23374,3
23377,2
23380,1
23381,2
23383,2
23384,1
23388,2
23389,2
23392,0
23393,1
23399,0
23400,0
23402,1
23404,1
23405,2
23406,0
23408,1
23413,1
23414,0
23418,1
23421,0
23423,2
23426,2
23429,2
23431,1
23434,3
23436,3
23441,2
23443,2
23446,3
23447,0
23449,2
23452,3
23453,3
23454,3
23455,2
23456,2
23457,3
23458,1
23461,1
23462,3
23463,0
23465,1
23468,0
23471,1
23479,3
23481,1
23483,3
23485,3
23488,3
23490,3
23492,3
23498,3
23500,0
23503,3
23504,0
23505,0
23506,3
23507,0
23508,3
23516,3
23522,0
23525,2
23526,0
23528,2
23529,3
23531,1
23532,1
23534,1
23536,1
23538,3
23543,0
23545,0
23550,2
23553,3
23561,3
23566,2
23567,3
23571,2
23572,2
23577,0
23580,0
23583,0
23586,3
23587,0
23588,0
23589,0
23590,0
23591,0
23592,0
23593,0
23594,3
23595,3
23596,1
23600,0
23601,1
23602,0
23605,3
23606,0
23608,0
23611,0
23614,2
23617,0
23623,3
23624,0
23632,2
23633,1
23636,3
23637,1
23639,0
23640,2
23644,0
23645,3
23646,1
23647,2
23648,0
23649,0
23650,0
23653,3
23654,2
23655,2
23659,0
23660,2
23661,3
23664,3
23666,0
23669,0
23671,3
23678,2
23681,3
23684,2
23690,2
23691,2
23694,0
23699,0
23705,0
23706,0
23708,3
23710,0
23711,2
23712,2
23716,0
23718,0
23719,3
23727,2
23729,2
23731,0
23745,2
23748,0
23751,1
23754,0
23756,0
23757,2
23759,2
23763,2
23772,3
23773,2
23775,0
23776,2
23777,2
23778,3
23780,1
23784,1
23785,2
23789,0
23790,3
23794,3
23798,2
23802,2
23805,2
23807,0
23808,1
23814,0
23815,3
23816,0
23820,2
23824,0
23827,0
23833,3
23835,3
23837,0
23842,3
23845,2
23850,2
23856,2
23859,1
23863,1
23867,3
23869,0
23870,3
23875,2
23877,0
23878,2
23880,0
23893,2
23895,0
23898,1
23905,3
23907,0
23909,2
23910,3
23916,1
23918,1
23920,0
23923,2
23924,2
23925,0
23929,0
23933,0
23934,0
23938,0
23942,0
23944,2
23946,3
23949,2
23950,0
23951,2
23954,2
23956,2
23965,3
23966,2
23968,0
23970,0
23974,2
23976,3
23982,0
23984,2
23986,0
23987,2
23989,2
23991,2
23993,2
23995,0
23997,3
23998,0
24000,2
24003,3
24006,2
24007,3
24009,1
24011,3
24012,0
24016,3
24019,2
24020,3
24024,2
24026,2
24034,3
24035,3
24042,2
24044,2
24046,3
24049,2
24052,3
24055,3
24057,0
24061,3
24062,3
24068,2
24072,2
24084,3
24086,0
24088,1
24089,1
24091,0
24092,2
24093,1
24095,0
24096,1
24102,3
24104,0
24106,1
24113,3
24114,3
24122,3
24123,3
24124,2
24126,0
24131,1
24133,1
24134,0
24140,0
24148,0
24150,2
24161,0
24162,3
24164,0
24166,2
24169,1
24175,2
24176,2
24178,2
24180,0
24187,2
24193,0
24197,3
24200,2
24202,1
24207,2
24215,0
24223,0
24225,0
24226,0
24230,3
24231,2
24236,3
24238,2
24244,2
24249,3
24253,3
24255,2
24259,3
24260,3
24262,0
24265,2
24266,2
24268,2
24273,3
24275,2
24278,2
24279,0
24281,3
24284,3
24293,2
24297,0
24298,0
24299,1
24300,0
24301,0
24303,3
24305,3
24306,0
24307,0
24308,0
24310,0
24311,0
24312,0
24314,0
24315,0
24316,0
24317,0
24318,0
24319,0
24320,3
24321,0
24322,0
24327,2
24329,2
24330,0
24332,1
24333,2
24334,0
24336,0
24340,3
24342,1
24343,1
24345,0
24346,1
24348,0
24350,3
24352,3
24356,1
24358,0
24363,1
24364,2
24370,3
24372,0
24373,2
24374,2
24375,2
24385,2
24386,3
24388,2
24390,2
24395,3
24398,2
24399,2
24402,1
24403,0
24407,0
24409,2
24411,2
24412,3
24417,2
24420,0
24422,0
24423,2
24435,2
24437,2
24443,2
24445,2
24448,2
24449,3
24451,3
24454,0
24455,2
24456,2
24458,3
24459,1
24460,1
24461,1
24464,2
24466,1
24468,0
24470,2
24472,2
24475,2
24476,0
24477,0
24479,2
24483,3
24484,2
24485,3
24489,3
24497,3
24501,0
24502,2
24504,3
24505,2
24507,3
24508,2
24511,3
24513,0
24517,3
24520,1
24521,2
24522,3
24523,3
24524,3
24525,2
24527,3
24530,0
24532,0
24533,1
24535,0
24536,1
24539,0
24540,0
24542,3
24544,3
24546,3
24547,3
24549,3
24551,3
24552,2
24555,3
24557,2
24558,0
24560,2
24561,2
24565,2
24566,2
24569,1
24576,0
24584,1
24585,2
24588,3
24591,2
24592,3
24595,1
24597,3
24599,3
24603,0
24604,1
24605,2
24610,1
24612,0
24613,3
24614,1
24618,1
24619,0
24622,3
24624,0
24628,1
24629,1
24630,1
24631,0
24634,1
24640,3
24641,3
24646,1
24647,0
24649,1
24651,0
24652,1
24653,2
24656,3
24657,2
24659,0
24660,0
24663,0
24664,2
24665,0
24666,0
24667,3
24669,1
24671,0
24676,1
24677,3
24681,3
24682,0
24687,2
24691,3
24693,2
24695,0
24697,0
24699,1
24700,1
24701,0
24705,0
24709,3
24711,2
24714,1
24720,0
24721,2
24724,2
24725,2
24726,2
24731,3
24733,0
24734,3
24737,2
24740,3
24742,3
24750,2
24755,2
24756,2
24757,2
24760,3
24762,1
24765,3
24766,3
24767,0
24773,3
24775,1
24778,0
24780,2
24781,3
24782,0
24784,2
24790,1
24791,0
24792,0
24794,2
24809,2
24811,1
24815,2
24824,0
24827,0
24829,3
24830,3
24831,0
24833,2
24834,0
24836,0
24837,2
24840,3
24844,0
24845,3
24853,2
24855,2
24856,2
24858,1
24859,3
24860,3
24864,0
24867,2
24868,3
24869,2
24875,3
24879,2
24880,2
24885,0
24886,3
24890,3
24894,3
24895,1
24911,3
24914,2
24918,2
24920,3
24921,0
24922,3
24927,3
24928,3
24935,1
24936,3
24943,2
24944,2
24947,3
24951,0
24952,1
24954,3
24955,0
24957,0
24959,2
24961,0
24963,3
24964,3
24965,2
24966,0
24970,3
24972,1
24973,3
24974,0
24975,2
24977,0
24981,2
24988,3
24991,3
24995,2
24998,2
24999,1
25001,2
25006,3
25011,3
25017,2
25018,3
25023,2
25024,0
25027,1
25028,3
25029,3
25032,3
25039,0
25042,2
25054,3
25058,2
25059,0
25062,2
25066,3
25067,3
25069,0
25071,2
25075,0
25077,3
25080,1
25081,3
25085,1
25086,2
25087,1
25091,0
25092,3
25093,2
25096,0
25098,1
25099,3
25100,2
25103,0
25109,2
25110,0
25114,3
25119,2
25122,2
25123,3
25124,0
25125,2
25133,2
25135,0
25138,0
25141,2
25142,0
25146,1
25147,3
25150,0
25153,1
25154,0
25156,2
25170,3
25172,0
25175,3
25176,1
25181,0
25183,0
25184,0
25189,3
25192,2
25193,2
25195,1
25197,3
25203,1
25208,3
25211,1
25213,1
25220,1
25221,1
25222,1
25223,3
25224,2
25225,2
25235,2
25240,0
25243,3
25245,0
25248,1
25255,2
25257,3
25259,1
25260,1
25268,3
25271,2
25275,3
25277,0
25281,2
25293,3
25294,0
25296,3
25300,1
25302,0
25304,1
25305,3
25310,3
25312,1
25315,3
25318,1
25319,0
25331,3
25338,1
25344,1
25346,2
25347,1
25355,2
25359,3
25360,2
25361,1
25365,3
25368,0
25371,0
25379,2
25382,2
25383,2
25384,2
25386,0
25389,3
25394,2
25400,3
25402,2
25403,2
25405,3
25406,2
25407,3
25408,0
25410,0
25411,3
25412,3
25413,1
25415,1
25416,1
25419,0
25420,0
25430,0
25431,2
25432,2
25433,3
25436,2
25448,2
25449,0
25452,2
25453,3
25454,2
25455,1
25459,2
25461,2
25469,3
25473,1
25474,0
25476,1
25477,3
25481,3
25484,2
25488,3
25491,0
25494,2
25500,1
25502,3
25503,1
25504,1
25505,3
25507,2
25508,2
25509,0
25522,0
25523,1
25524,3
25526,0
25527,0
25529,0
25531,3
25534,1
25536,2
25537,2
25540,1
25542,3
25543,0
25544,1
25545,1
25548,2
25549,1
25552,1
25560,1
25562,0
25563,1
25564,2
25576,1
25579,3
25580,3
25583,3
25584,2
25585,2
25586,0
25589,3
25601,1
25604,2
25611,3
25613,2
25614,0
25618,3
25621,3
25622,2
25623,1
25625,0
25626,2
25629,0
25630,3
25633,0
25635,1
25639,2
25645,3
25648,3
25658,0
25659,2
25660,0
25661,3
25666,0
25669,2
25676,0
25679,1
25680,1
25681,0
25687,2
25693,3
25696,0
25698,3
25704,2
25707,1
25709,1
25714,2
25722,1
25724,2
25725,1
25731,2
25733,2
25737,2
25738,0
25740,1
25741,1
25744,2
25745,0
25746,0
25751,0
25752,0
25755,0
25760,3
25762,3
25765,1
25768,1
25770,3
25773,0
25774,3
25778,2
25779,3
25783,2
25785,0
25788,2
25792,2
25793,0
25797,3
25801,3
25803,2
25804,3
25806,3
25807,2
25808,1
25809,3
25810,0
25812,0
25813,3
25814,2
25816,2
25818,2
25823,2
25824,2
25827,2
25828,3
25831,1
25836,0
25837,2
25838,2
25839,0
25840,3
25845,1
25853,2
25855,2
25864,0
25865,2
25868,0
25869,2
25870,2
25871,2
25875,2
25878,3
25886,0
25890,1
25892,0
25894,3
25897,3
25902,2
25905,2
25906,3
25909,3
25914,2
25916,3
25921,2
25922,2
25924,1
25932,3
25933,3
25937,1
25940,3
25941,0
25942,2
25944,0
25947,3
25948,2
25951,1
25952,1
25953,3
25954,3
25955,3
25956,2
25957,0
25960,1
25964,3
25972,1
25974,0
25977,0
25978,1
25982,2
25988,2
25989,3
25992,3
25994,1
25997,0
25999,0
26002,2
26005,0
26008,3
26010,2
26013,2
26016,2
26017,2
26019,3
26020,0
26022,3
26025,3
26033,0
26034,1
26035,2
26037,2
26039,2
26040,2
26042,2
26046,3
26051,0
26056,1
26058,2
26059,2
26061,2
26062,1
26063,1
26064,3
26066,0
26074,2
26075,1
26081,0
26087,1
26088,3
26090,3
26094,2
26097,1
26099,0
26101,3
26110,3
26117,3
26122,1
26125,1
26131,3
26133,0
26142,2
26143,0
26144,3
26145,0
26147,2
26152,1
26154,2
26159,0
26164,2
26166,2
26167,2
26168,2
26169,1
26173,1
26177,2
26181,1
26186,3
26188,2
26193,1
26195,2
26196,2
26197,1
26201,3
26204,0
26205,2
26206,0
26208,2
26213,2
26214,2
26223,0
26227,3
26229,0
26233,3
26234,0
26235,0
26236,2
26237,2
26246,2
26249,0
26250,2
26253,1
26255,0
26257,2
26259,2
26260,2
26262,2
26263,3
26268,0
26272,2
26275,1
26276,1
26284,3
26292,3
26293,0
26298,2
26300,0
26303,3
26305,3
26309,3
26313,2
26315,0
26316,1
26317,1
26319,3
26325,2
26332,3
26334,0
26352,2
26356,0
26362,1
26366,3
26371,3
26372,1
26379,3
26386,2
26388,0
26391,1
26392,0
26394,2
26397,2
26399,0
26401,2
26403,1
26407,1
26408,2
26412,1
26413,0
26415,1
26418,3
26421,0
26427,0
26429,1
26430,3
26432,3
26433,2
26434,0
26435,3
26438,3
26439,1
26440,2
26442,2
26444,3
26446,1
26449,0
26450,2
26461,2
26464,2
26467,2
26468,2
26470,3
26471,1
26475,0
26477,3
26479,1
26485,1
26486,3
26491,1
26492,0
26494,3
26496,3
26497,3
26499,0
26500,1
26501,3
26502,2
26503,1
26504,2
26506,2
26507,0
26508,0
26510,2
26511,1
26513,0
26515,0
26520,2
26528,2
26530,0
26531,2
26532,0
26538,3
26540,2
26543,0
26547,3
26550,3
26551,0
26552,0
26554,2
26558,3
26559,1
26560,3
26561,3
26563,0
26569,0
26571,3
26572,3
26575,2
26577,3
26580,3
26581,2
26582,1
26590,1
26591,1
26593,3
26595,3
26597,0
26600,3
26601,3
26602,0
26603,2
26608,3
26610,2
26613,3
26617,0
26618,3
26620,2
26624,3
26632,3
26636,0
26638,0
26640,2
26641,2
26642,0
26643,3
26644,1
26647,3
26648,0
26649,3
26652,0
26654,1
26655,2
26658,3
26661,0
26662,3
26665,0
26669,3
26671,3
26672,1
26673,3
26674,3
26679,1
26681,2
26688,3
26689,0
26691,1
26692,2
26693,3
26694,3
26700,2
26701,2
26702,2
26705,1
26707,2
26709,1
26710,1
26711,1
26713,0
26715,0
26720,1
26721,3
26722,2
26731,2
26732,2
26733,3
26734,0
26738,1
26744,3
26751,2
26752,3
26754,3
26756,0
26757,2
26758,0
26759,0
26760,0
26763,3
26764,0
26766,0
26771,1
26776,2
26780,2
26782,2
26785,2
26787,1
26794,2
26795,2
26804,0
26805,0
26809,2
26810,2
26814,2
26816,1
26819,1
26821,2
26823,0
26826,3
26834,0
26835,3
26836,3
26837,1
26838,0
26839,3
26840,0
26842,0
26843,3
26846,0
26847,3
26852,0
26857,3
26862,3
26864,2
26867,3
26870,1
26872,1
26875,3
26877,2
26880,0
26881,0
26882,3
26883,2
26884,0
26885,3
26888,3
26892,0
26899,0
26901,2
26906,1
26909,1
26910,3
26919,3
26921,3
26922,3
26932,0
26945,0
26946,0
26952,0
26956,2
26959,1
26963,0
26965,3
26967,2
26969,2
26970,2
26972,0
26976,2
26979,0
26980,3
26982,2
26986,0
26987,0
26990,2
26992,3
26993,0
26995,3
26997,0
26998,3
26999,2
27001,2
27006,1
27007,3
27008,2
27013,1
27016,0
27020,2
27024,1
27026,3
27033,1
27041,2
27044,1
27046,0
27047,2
27049,2
27050,0
27055,1
27060,3
27061,3
27064,2
27065,2
27067,0
27072,0
27073,0
27074,2
27076,2
27080,3
27082,0
27085,2
27087,3
27092,0
27094,3
27095,1
27099,2
27103,1
27104,1
27106,0
27108,1
27111,0
27113,2
27114,3
27117,1
27118,0
27122,3
27129,2
27130,2
27132,2
27134,2
27137,2
27139,3
27140,0
27142,0
27146,2
27149,0
27150,0
27151,0
27152,0
27153,0
27154,0
27156,0
27157,0
27158,2
27159,0
27160,0
27161,0
27162,0
27163,0
27165,0
27166,0
27167,0
27168,0
27169,0
27170,0
27172,0
27173,2
27175,0
27176,3
27179,0
27180,0
27181,0
27182,0
27186,0
27188,0
27189,0
27190,0
27192,0
27194,0
27196,0
27197,3
27199,0
27201,0
27202,0
27203,0
27204,2
27205,0
27206,0
27209,0
27210,0
27211,0
27212,0
27213,2
27214,0
27215,0
27216,0
27217,2
27218,0
27219,0
27220,0
27221,0
27222,0
27223,0
27225,0
27226,0
27227,0
27228,0
27229,2
27230,0
27231,3
27235,0
27236,3
27238,2
27240,0
27242,0
27247,0
27250,3
27253,3
27254,2
27255,2
27256,3
27257,3
27258,2
27259,3
27263,3
27276,2
27286,2
27287,0
27288,0
27292,3
27293,2
27294,3
27299,0
27303,3
27306,3
27308,0
27313,0
27314,3
27319,1
27322,1
27325,3
27332,2
27334,1
27336,3
27337,0
27338,0
27343,3
27344,0
27345,2
27349,2
27351,2
27352,2
27356,3
27357,1
27364,0
27365,1
27372,0
27373,0
27374,1
27376,1
27378,1
27380,1
27383,2
27384,3
27387,2
27388,3
27391,2
27392,0
27394,0
27396,2
27397,2
27400,2
27405,2
27406,1
27407,0
27408,1
27411,0
27412,0
27416,0
27417,0
27419,3
27420,3
27422,1
27425,1
27430,0
27431,3
27432,2
27433,3
27434,0
27439,2
27440,1
27442,3
27443,2
27444,1
27445,0
27447,0
27451,0
27452,1
27453,2
27454,0
27455,1
27458,0
27459,3
27460,3
27461,2
27462,3
27466,2
27467,0
27468,2
27469,2
27470,0
27471,3
27473,2
27475,3
27477,2
27478,0
27480,1
27482,3
27484,2
27485,3
27488,0
27490,2
27491,0
27496,0
27497,3
27498,0
27502,3
27508,0
27510,2
27511,2
27512,0
27513,2
27514,0
27517,2
27518,2
27522,0
27523,0
27530,3
27531,2
27533,3
27535,3
27536,3
27539,1
27540,3
27551,0
27555,3
27556,0
27559,0
27564,2
27566,2
27567,3
27568,2
27571,2
27575,0
27580,0
27582,3
27583,2
27584,2
27588,0
27596,2
27599,2
27602,2
27604,0
27608,0
27612,0
27613,3
27614,0
27617,0
27625,3
27630,2
27633,1
27634,2
27635,2
27636,0
27641,2
27643,3
27644,3
27645,1
27647,3
27648,2
27649,0
27651,2
27652,2
27656,3
27657,3
27658,1
27661,2
27663,0
27664,0
27667,0
27669,3
27672,3
27682,1
27688,0
27690,0
27693,3
27696,0
27699,2
27700,3
27702,3
27705,2
27706,0
27711,0
27713,0
27714,0
27716,2
27718,2
27719,2
27721,0
27727,2
27728,3
27730,0
27734,1
27735,3
27736,0
27738,2
27739,2
27740,1
27742,2
27743,0
27746,0
27748,2
27749,3
27754,0
27755,0
27759,0
27760,0
27761,3
27763,0
27766,2
27767,0
27769,0
27770,3
27771,3
27773,2
27774,1
27776,3
27777,2
27780,3
27783,1
27784,2
27788,2
27789,0
27790,0
27791,3
27792,1
27793,0
27796,3
27798,0
27800,2
27803,0
27813,2
27817,2
27818,0
27823,2
27824,3
27827,0
27829,2
27832,3
27833,2
27836,2
27837,0
27840,0
27847,1
27849,0
27851,3
27852,1
27854,1
27855,3
27856,1
27860,1
27861,2
27865,0
27867,0
27870,2
27871,0
27872,2
27873,2
27875,3
27878,0
27880,2
27882,2
27884,0
27885,2
27886,2
27887,3
27888,3
27891,3
27893,2
27896,0
27897,3
27900,2
27902,1
27905,2
27910,2
27914,1
27915,3
27916,0
27917,2
27918,1
27919,1
27920,1
27923,1
27925,1
27926,3
27927,2
27928,0
27930,2
27933,1
27942,2
27946,3
27947,0
27951,2
27955,1
27956,2
27960,0
27969,2
27972,3
27973,0
27979,3
27981,0
27983,0
27987,2
27989,3
27992,2
27993,1
28000,0
28001,0
28002,1
28008,2
28011,0
28013,3
28017,0
28018,0
28022,0
28024,3
28030,0
28035,0
28036,3
28040,1
28041,3
28044,2
28046,1
28049,0
28051,3
28052,2
28058,0
28059,3
28067,0
28070,1
28074,0
28076,0
28078,2
28079,1
28080,1
28081,2
28082,2
28089,1
28091,2
28094,0
28097,0
28098,2
28100,2
28101,0
28102,0
28104,0
28105,3
28106,2
28107,3
28109,3
28112,2
28113,2
28114,3
28116,3
28117,3
28121,0
28122,0
28124,0
28125,3
28126,1
28128,0
28130,0
28135,2
28138,0
28141,3
28142,0
28145,1
28146,0
28147,2
28155,3
28156,3
28157,1
28159,0
28160,2
28170,3
28175,0
28178,0
28180,0
28182,2
28183,3
28187,2
28188,0
28189,2
28191,0
28193,3
28194,1
28195,3
28197,0
28198,2
28200,3
28201,3
28206,3
28210,2
28211,1
28214,0
28215,3
28221,3
28223,3
28230,0
28235,0
28236,0
28238,2
28239,1
28241,3
28242,2
28247,3
28248,3
28251,3
28253,3
28255,0
28257,1
28258,0
28261,3
28263,0
28266,3
28275,2
28276,2
28282,0
28284,0
28286,3
28294,3
28298,3
28299,2
28301,2
28303,2
28305,2
28312,3
28313,3
28314,0
28315,1
28317,2
28320,0
28324,0
28325,3
28326,0
28332,1
28340,2
28343,2
28346,3
28356,0
28357,1
28358,2
28362,3
28365,1
28371,3
28372,2
28373,3
28374,1
28376,1
28377,0
28379,2
28380,2
28382,1
28383,1
28387,0
28393,0
28395,0
28396,3
28398,2
28400,2
28401,1
28404,0
28407,0
28409,1
28412,3
28413,0
28415,3
28421,0
28422,2
28423,0
28426,0
28429,0
28434,2
28437,2
28438,1
28440,0
28441,3
28442,1
28445,1
28446,2
28447,1
28448,3
28451,1
28455,2
28456,2
28465,0
28467,3
28472,1
28475,1
28479,3
28483,1
28486,2
28488,1
28489,2
28491,2
28495,0
28497,0
28499,2
28503,2
28504,0
28505,0
28506,3
28509,3
28511,3
28512,1
28513,2
28516,1
28520,3
28521,3
28524,1
28526,3
28529,3
28532,0
28544,3
28545,3
28547,3
28549,0
28550,0
28552,3
28554,3
28560,1
28563,1
28566,2
28568,2
28572,1
28575,0
28580,2
28590,3
28591,3
28598,0
28604,1
28605,2
28612,0
28613,3
28616,1
28623,1
28627,2
28628,2
28632,1
28633,0
28634,0
28635,2
28637,0
28638,0
28639,0
28642,0
28643,0
28644,0
28645,3
